clip_id,frame,ratio,is_target,n_candidates,n_candidates_ge50,baseline_box,a_pose_box,b_pose_box,pair_iou,different_person,a_pose_pq,b_pose_pq,a_pose_cen,b_pose_cen,a_pose_size,b_pose_size,b_pose_continuity,a_pose_continuity,b_locked,a_pose_switch,b_pose_switch,min_box_frac,gt_source,old_gt,ai_gt,ai_conf,a_correct_old,b_correct_old,a_correct_ai,b_correct_ai,is_regression_case,run_len,info_score
3R1kvNrGJK0,40,,0,9,9,1,1,0,0.0,1,0.864,0.817,0.703,0.972,1.0,0.33,0.847,0.0,1,1,0,0.0253,none,,,,,,,,0,14,9.5
CFjNxCZhn_8,14,,0,11,10,1,1,0,0.0,1,0.719,0.648,0.828,0.64,1.0,0.968,0.94,0.0,1,1,0,0.0267,none,,,,,,,,0,13,9.5
sYl2jCqsSKo,142,,0,6,5,3,4,0,0.0,1,0.341,0.919,0.738,0.298,0.928,0.32,0.952,0.229,1,1,0,0.0187,none,,,,,,,,0,19,9.319
sYl2jCqsSKo,141,,0,5,5,4,3,0,0.0,1,0.385,0.914,0.727,0.295,0.828,0.321,0.898,0.0,1,1,0,0.0186,none,,,,,,,,0,19,9.312
3USSmzO001k,118,,0,4,3,1,0,1,0.0,1,0.948,0.857,0.805,0.8,0.865,1.0,0.976,0.0,1,1,0,0.076,none,,,,,,,,0,11,9.25
N5zWQkoLM3M,75,0.50,1,4,3,2,2,1,0.0,1,0.664,0.784,0.818,0.556,1.0,0.372,0.828,0.0,1,1,0,0.021,labels.json,2,2,medium,1,0,1,0,1,10,9.25
N5zWQkoLM3M,86,,0,8,3,1,1,0,0.0,1,0.829,0.746,0.804,0.558,1.0,0.518,0.805,0.0,1,1,0,0.0227,none,,,,,,,,0,46,9.25
N5zWQkoLM3M,133,,0,4,3,2,2,0,0.0,1,0.71,0.826,0.827,0.571,1.0,0.445,0.965,0.0,1,1,0,0.0264,none,,,,,,,,0,17,9.25
sYl2jCqsSKo,144,,0,8,4,3,3,0,0.0,1,0.504,0.916,0.589,0.307,1.0,0.219,0.937,0.082,1,1,0,0.0179,none,,,,,,,,0,19,9.176
3USSmzO001k,133,,0,2,2,1,0,1,0.0,1,0.951,0.852,0.803,0.746,0.724,1.0,0.914,0.0,1,1,0,0.0746,none,,,,,,,,0,17,9.167
GS-PcxmaHmQ,32,,0,2,2,0,1,0,0.0,1,0.831,0.755,0.773,0.701,0.871,1.0,0.905,0.0,1,1,0,0.2044,none,,,,,,,,0,40,9.167
Zp9aDp2YTBw,15,,0,2,2,0,1,0,0.0,1,0.851,0.84,0.945,0.628,0.291,1.0,0.897,0.0,1,1,0,0.0201,none,,,,,,,,0,26,9.167
sYl2jCqsSKo,145,,0,5,5,3,1,0,0.0,1,0.827,0.924,0.677,0.309,0.267,0.356,0.951,0.092,1,1,0,0.013,none,,,,,,,,0,19,8.892
IeDin6oB-IY,71,,0,10,8,5,5,4,0.0,1,0.707,0.699,0.641,0.971,1.0,0.213,0.89,0.0,1,1,0,0.0178,none,,,,,,,,0,7,8.885
3USSmzO001k,32,,0,2,2,1,0,1,0.0,1,0.955,0.807,0.844,0.816,0.774,1.0,0.896,0.0,1,1,0,0.0594,none,,,,,,,,0,8,8.867
Zp9aDp2YTBw,64,,0,2,2,0,0,1,0.0,1,0.853,0.887,0.702,0.825,1.0,0.518,0.817,0.0,1,1,0,0.0718,none,,,,,,,,0,8,8.867
hz-SpF35_BE,143,,0,4,3,1,1,0,0.0,1,0.741,0.828,0.403,0.554,1.0,0.479,0.956,0.0,1,1,0,0.0421,none,,,,,,,,0,7,8.8
sYl2jCqsSKo,127,,0,3,3,0,1,0,0.0,1,0.861,0.924,0.549,0.338,0.716,1.0,0.956,0.0,1,1,0,0.0138,none,,,,,,,,0,19,8.785
3R1kvNrGJK0,132,,0,10,7,1,0,1,0.047,1,0.849,0.854,0.952,0.782,0.75,1.0,0.887,0.077,1,1,0,0.0425,none,,,,,,,,0,5,8.75
idueIYDAbZc,110,,0,8,4,2,2,3,0.0,1,0.769,0.773,0.508,0.649,1.0,0.628,0.852,0.0,1,1,0,0.03,none,,,,,,,,0,6,8.733
sYl2jCqsSKo,143,,0,6,4,3,2,0,0.0,1,0.831,0.919,0.65,0.303,0.247,0.379,0.908,0.0,1,1,0,0.012,none,,,,,,,,0,19,8.733
3R1kvNrGJK0,41,,0,9,9,0,0,1,0.0,1,0.855,0.849,0.709,0.965,1.0,0.318,0.925,0.897,1,0,0,0.0248,none,,,,,,,,0,14,8.5
3R1kvNrGJK0,42,,0,9,9,0,0,1,0.0,1,0.864,0.832,0.707,0.954,1.0,0.288,0.821,0.917,1,0,0,0.0214,none,,,,,,,,0,14,8.5
3R1kvNrGJK0,43,,0,9,9,2,2,0,0.0,1,0.857,0.842,0.732,0.947,1.0,0.364,0.929,0.754,1,0,0,0.0211,none,,,,,,,,0,14,8.5
3R1kvNrGJK0,44,,0,10,9,0,0,1,0.0,1,0.899,0.831,0.718,0.934,1.0,0.333,0.816,0.853,1,0,0,0.0216,none,,,,,,,,0,14,8.5
3R1kvNrGJK0,49,,0,9,9,0,0,1,0.1,1,0.868,0.872,0.705,0.849,1.0,0.548,0.83,0.846,1,0,0,0.038,none,,,,,,,,0,14,8.5
3R1kvNrGJK0,51,,0,9,9,0,0,1,0.173,1,0.883,0.844,0.692,0.812,1.0,0.483,0.858,0.961,1,0,0,0.0367,none,,,,,,,,0,14,8.5
3R1kvNrGJK0,52,,0,9,9,0,0,2,0.101,1,0.869,0.794,0.68,0.806,1.0,0.51,0.801,0.821,1,0,0,0.0318,none,,,,,,,,0,14,8.5
CFjNxCZhn_8,15,,0,9,9,0,0,1,0.0,1,0.719,0.733,0.839,0.626,1.0,0.914,0.857,0.856,1,0,0,0.0246,none,,,,,,,,0,13,8.5
CFjNxCZhn_8,16,,0,11,9,5,5,1,0.0,1,0.805,0.742,0.858,0.623,1.0,0.817,0.956,0.699,1,0,0,0.0239,none,,,,,,,,0,13,8.5
CFjNxCZhn_8,17,,0,9,9,0,0,1,0.0,1,0.765,0.705,0.881,0.63,1.0,0.76,0.855,0.753,1,0,0,0.0265,none,,,,,,,,0,13,8.5
CFjNxCZhn_8,18,,0,9,9,0,0,2,0.0,1,0.776,0.769,0.913,0.624,1.0,0.821,0.915,0.686,1,0,0,0.0254,none,,,,,,,,0,13,8.5
CFjNxCZhn_8,20,,0,11,8,0,0,1,0.0,1,0.752,0.792,0.975,0.615,1.0,0.966,0.924,0.611,1,0,0,0.0248,none,,,,,,,,0,13,8.5
CFjNxCZhn_8,21,,0,10,9,0,0,1,0.0,1,0.773,0.818,0.959,0.613,1.0,0.768,0.953,0.668,1,0,0,0.0247,none,,,,,,,,0,13,8.5
CFjNxCZhn_8,22,,0,10,9,1,1,2,0.0,1,0.675,0.79,0.948,0.611,1.0,0.8,0.961,0.646,1,0,0,0.0246,none,,,,,,,,0,13,8.5
CFjNxCZhn_8,23,,0,10,8,3,3,2,0.0,1,0.735,0.81,0.911,0.611,1.0,0.897,0.974,0.618,1,0,0,0.025,none,,,,,,,,0,13,8.5
CFjNxCZhn_8,24,,0,10,8,4,3,4,0.0,1,0.783,0.825,0.86,0.62,0.866,1.0,0.849,0.429,1,0,0,0.02,none,,,,,,,,0,13,8.5
CFjNxCZhn_8,25,,0,10,9,1,0,1,0.0,1,0.745,0.847,0.831,0.611,0.878,1.0,0.828,0.575,1,0,0,0.024,none,,,,,,,,0,13,8.5
CFjNxCZhn_8,26,,0,12,9,0,0,5,0.0,1,0.76,0.823,0.808,0.615,1.0,0.924,0.813,0.671,1,0,0,0.0246,none,,,,,,,,0,13,8.5
X6dC9pu5H3k,124,,0,6,6,2,2,1,0.0,1,0.347,0.774,0.659,0.287,1.0,0.514,0.861,0.983,1,0,0,0.0297,none,,,,,,,,0,48,8.5
X6dC9pu5H3k,127,,0,6,6,1,1,2,0.0,1,0.363,0.833,0.661,0.29,1.0,0.489,0.914,0.969,1,0,0,0.0298,none,,,,,,,,0,48,8.5
X6dC9pu5H3k,128,,0,6,6,3,3,0,0.0,1,0.355,0.797,0.661,0.29,1.0,0.505,0.928,0.953,1,0,0,0.0314,none,,,,,,,,0,48,8.5
X6dC9pu5H3k,129,,0,6,6,1,1,0,0.0,1,0.347,0.818,0.658,0.304,1.0,0.518,0.846,0.914,1,0,0,0.0325,none,,,,,,,,0,48,8.5
CFjNxCZhn_8,19,,0,10,9,0,5,0,0.0,1,0.649,0.777,0.974,0.621,0.773,1.0,0.961,0.409,1,0,0,0.0194,none,,,,,,,,0,13,8.455
Fz16t9SrF3U,85,,0,6,6,0,0,2,0.0,1,0.876,0.763,0.547,0.829,1.0,0.555,0.911,0.0,1,1,0,0.0381,none,,,,,,,,0,3,8.45
sGKeqfxwq5E,41,,0,7,6,0,1,0,0.226,1,0.869,0.766,0.639,0.607,0.755,1.0,0.989,0.23,1,1,0,0.0536,none,,,,,,,,0,3,8.45
X6dC9pu5H3k,133,,0,6,6,4,4,0,0.0,1,0.321,0.764,0.654,0.238,1.0,0.36,0.872,0.839,1,0,0,0.0193,none,,,,,,,,0,48,8.447
CFjNxCZhn_8,89,,0,21,6,2,1,2,0.0,1,0.763,0.722,0.971,0.584,0.216,1.0,0.891,0.0,1,1,0,0.0058,none,,,,,,,,0,15,8.435
X6dC9pu5H3k,91,,0,5,5,4,4,0,0.0,1,0.282,0.819,0.654,0.433,1.0,0.41,0.922,0.95,1,0,0,0.0216,none,,,,,,,,0,48,8.417
X6dC9pu5H3k,92,,0,6,5,4,4,0,0.0,1,0.266,0.829,0.653,0.43,1.0,0.417,0.917,0.936,1,0,0,0.0233,none,,,,,,,,0,48,8.417
X6dC9pu5H3k,93,,0,5,5,4,4,0,0.0,1,0.278,0.801,0.653,0.423,1.0,0.415,0.891,0.911,1,0,0,0.0226,none,,,,,,,,0,48,8.417
X6dC9pu5H3k,94,,0,5,5,3,3,0,0.0,1,0.261,0.8,0.654,0.415,1.0,0.469,0.869,0.857,1,0,0,0.0231,none,,,,,,,,0,48,8.417
X6dC9pu5H3k,95,,0,5,5,3,3,0,0.0,1,0.29,0.806,0.653,0.421,1.0,0.44,0.883,0.916,1,0,0,0.023,none,,,,,,,,0,48,8.417
X6dC9pu5H3k,96,,0,5,5,4,4,0,0.0,1,0.293,0.789,0.651,0.419,1.0,0.417,0.935,0.931,1,0,0,0.0225,none,,,,,,,,0,48,8.417
X6dC9pu5H3k,97,,0,5,5,4,4,0,0.0,1,0.306,0.787,0.649,0.417,1.0,0.413,0.956,0.936,1,0,0,0.0225,none,,,,,,,,0,48,8.417
X6dC9pu5H3k,98,,0,5,5,4,4,0,0.0,1,0.302,0.79,0.648,0.411,1.0,0.419,0.895,0.973,1,0,0,0.0231,none,,,,,,,,0,48,8.417
X6dC9pu5H3k,99,,0,5,5,4,4,0,0.0,1,0.292,0.771,0.647,0.407,1.0,0.395,0.907,0.948,1,0,0,0.0228,none,,,,,,,,0,48,8.417
X6dC9pu5H3k,100,,0,5,5,3,3,0,0.0,1,0.288,0.769,0.649,0.416,1.0,0.471,0.86,0.846,1,0,0,0.023,none,,,,,,,,0,48,8.417
X6dC9pu5H3k,101,,0,5,5,3,3,0,0.0,1,0.279,0.765,0.649,0.418,1.0,0.481,0.965,0.979,1,0,0,0.023,none,,,,,,,,0,48,8.417
X6dC9pu5H3k,102,,0,5,5,4,4,0,0.0,1,0.281,0.777,0.651,0.418,1.0,0.428,0.983,0.903,1,0,0,0.0227,none,,,,,,,,0,48,8.417
X6dC9pu5H3k,103,,0,6,5,2,2,0,0.0,1,0.288,0.78,0.651,0.42,1.0,0.458,0.958,0.914,1,0,0,0.0225,none,,,,,,,,0,48,8.417
X6dC9pu5H3k,104,,0,5,5,4,4,0,0.0,1,0.305,0.792,0.651,0.421,1.0,0.42,0.968,0.93,1,0,0,0.0221,none,,,,,,,,0,48,8.417
X6dC9pu5H3k,105,,0,6,5,3,3,0,0.0,1,0.274,0.832,0.653,0.418,1.0,0.385,0.958,0.924,1,0,0,0.0215,none,,,,,,,,0,48,8.417
X6dC9pu5H3k,106,,0,6,5,4,4,0,0.0,1,0.29,0.813,0.654,0.422,1.0,0.393,0.921,0.953,1,0,0,0.0213,none,,,,,,,,0,48,8.417
X6dC9pu5H3k,107,0.80,1,6,5,4,4,0,0.0,1,0.289,0.824,0.654,0.417,1.0,0.399,0.912,0.965,1,0,0,0.021,labels.json,0,,,0,1,,,0,48,8.417
X6dC9pu5H3k,108,,0,5,5,2,2,0,0.0,1,0.29,0.815,0.656,0.419,1.0,0.384,0.95,0.887,1,0,0,0.021,none,,,,,,,,0,48,8.417
X6dC9pu5H3k,109,,0,6,5,4,4,0,0.0,1,0.329,0.78,0.657,0.42,1.0,0.358,0.942,0.912,1,0,0,0.0214,none,,,,,,,,0,48,8.417
X6dC9pu5H3k,115,,0,5,5,3,3,0,0.0,1,0.381,0.804,0.66,0.365,1.0,0.451,0.982,0.982,1,0,0,0.0264,none,,,,,,,,0,48,8.417
X6dC9pu5H3k,116,,0,5,5,3,3,0,0.0,1,0.385,0.776,0.66,0.363,1.0,0.448,0.961,0.979,1,0,0,0.0266,none,,,,,,,,0,48,8.417
X6dC9pu5H3k,117,,0,5,5,3,3,0,0.0,1,0.389,0.772,0.659,0.357,1.0,0.506,0.88,0.983,1,0,0,0.0298,none,,,,,,,,0,48,8.417
X6dC9pu5H3k,118,,0,5,5,3,3,0,0.0,1,0.388,0.804,0.659,0.341,1.0,0.604,0.831,0.977,1,0,0,0.0355,none,,,,,,,,0,48,8.417
X6dC9pu5H3k,119,,0,5,5,4,4,0,0.0,1,0.408,0.827,0.66,0.334,1.0,0.631,0.918,0.979,1,0,0,0.0379,none,,,,,,,,0,48,8.417
X6dC9pu5H3k,120,,0,5,5,4,4,0,0.0,1,0.408,0.777,0.659,0.32,1.0,0.655,0.861,0.987,1,0,0,0.0395,none,,,,,,,,0,48,8.417
X6dC9pu5H3k,121,,0,5,5,2,2,0,0.0,1,0.351,0.814,0.66,0.316,1.0,0.66,0.947,0.908,1,0,0,0.0379,none,,,,,,,,0,48,8.417
X6dC9pu5H3k,122,,0,6,5,2,2,0,0.0,1,0.355,0.805,0.66,0.303,1.0,0.598,0.874,0.988,1,0,0,0.0348,none,,,,,,,,0,48,8.417
X6dC9pu5H3k,61,,0,7,7,6,1,0,0.0,1,0.821,0.795,0.837,0.29,0.515,0.725,0.893,0.868,1,0,0,0.0183,none,,,,,,,,0,11,8.373
X6dC9pu5H3k,110,,0,5,5,2,2,0,0.0,1,0.341,0.794,0.658,0.418,1.0,0.343,0.886,0.939,1,0,0,0.0193,none,,,,,,,,0,48,8.364
N5zWQkoLM3M,91,,0,7,4,1,2,0,0.0,1,0.757,0.834,0.801,0.57,0.938,0.627,0.978,0.873,1,0,0,0.0272,none,,,,,,,,0,46,8.333
N5zWQkoLM3M,92,,0,6,4,1,2,0,0.0,1,0.79,0.808,0.807,0.56,0.975,0.708,0.873,0.899,1,0,0,0.031,none,,,,,,,,0,46,8.333
N5zWQkoLM3M,101,,0,4,4,2,1,0,0.0,1,0.697,0.835,0.815,0.558,0.883,0.448,0.897,0.91,1,0,0,0.0225,none,,,,,,,,0,46,8.333
N5zWQkoLM3M,106,,0,5,4,1,0,2,0.0,1,0.77,0.844,0.813,0.56,0.904,0.486,0.916,0.964,1,0,0,0.0262,none,,,,,,,,0,46,8.333
N5zWQkoLM3M,111,,0,7,4,0,0,1,0.0,1,0.721,0.851,0.805,0.57,1.0,0.597,0.988,0.932,1,0,0,0.0292,none,,,,,,,,0,46,8.333
N5zWQkoLM3M,149,,0,6,4,3,3,1,0.0,1,0.699,0.823,0.762,0.559,1.0,0.359,0.943,0.639,1,0,0,0.0246,none,,,,,,,,0,17,8.333
hz-SpF35_BE,126,,0,5,4,2,2,1,0.0,1,0.718,0.703,0.39,0.565,1.0,0.532,0.86,0.869,1,0,0,0.0442,none,,,,,,,,0,12,8.333
3R1kvNrGJK0,138,,0,10,7,0,1,0,0.0,1,0.891,0.848,0.943,0.756,0.549,1.0,0.984,0.0,1,1,0,0.0316,none,,,,,,,,0,2,8.3
Atzrde5uGcM,139,,0,14,13,0,1,0,0.0,1,0.705,0.691,0.625,0.573,0.954,1.0,0.818,0.901,1,0,0,0.0168,none,,,,,,,,0,13,8.26
X6dC9pu5H3k,111,,0,5,5,2,2,0,0.0,1,0.37,0.784,0.658,0.415,1.0,0.313,0.921,0.929,1,0,0,0.0179,none,,,,,,,,0,48,8.259
3USSmzO001k,119,0.80,1,3,3,1,0,1,0.0,1,0.944,0.867,0.805,0.798,0.884,1.0,0.973,0.998,1,0,0,0.076,labels.json,1,,,0,1,,,0,11,8.25
3USSmzO001k,120,,0,3,3,1,0,1,0.0,1,0.944,0.878,0.805,0.792,0.906,1.0,0.938,0.997,1,0,0,0.0761,none,,,,,,,,0,11,8.25
3USSmzO001k,121,,0,3,3,1,0,1,0.0,1,0.945,0.881,0.805,0.785,0.897,1.0,0.93,0.999,1,0,0,0.0761,none,,,,,,,,0,11,8.25
3USSmzO001k,122,,0,3,3,1,0,1,0.0,1,0.936,0.878,0.804,0.781,0.872,1.0,0.96,0.995,1,0,0,0.0757,none,,,,,,,,0,11,8.25
3USSmzO001k,123,,0,3,3,1,0,1,0.0,1,0.943,0.873,0.804,0.779,0.855,1.0,0.97,0.997,1,0,0,0.0756,none,,,,,,,,0,11,8.25
3USSmzO001k,124,,0,3,3,1,0,1,0.0,1,0.948,0.862,0.804,0.779,0.856,1.0,0.988,0.994,1,0,0,0.0752,none,,,,,,,,0,11,8.25
3USSmzO001k,125,,0,3,3,1,0,1,0.0,1,0.946,0.851,0.803,0.777,0.827,1.0,0.969,0.995,1,0,0,0.075,none,,,,,,,,0,11,8.25
N5zWQkoLM3M,76,,0,4,3,0,2,1,0.0,1,0.785,0.832,0.793,0.564,0.765,0.472,0.845,0.702,1,0,0,0.0248,none,,,,,,,,0,10,8.25
N5zWQkoLM3M,77,,0,4,3,2,2,1,0.0,1,0.704,0.815,0.819,0.558,1.0,0.386,0.873,0.708,1,0,0,0.0217,none,,,,,,,,0,10,8.25
N5zWQkoLM3M,78,,0,4,3,2,2,1,0.0,1,0.81,0.807,0.82,0.557,1.0,0.39,0.956,0.941,1,0,0,0.0225,none,,,,,,,,0,10,8.25
N5zWQkoLM3M,79,,0,4,3,2,2,0,0.0,1,0.813,0.795,0.824,0.555,1.0,0.346,0.931,0.918,1,0,0,0.0216,none,,,,,,,,0,10,8.25
N5zWQkoLM3M,80,,0,3,3,2,2,1,0.0,1,0.648,0.829,0.822,0.558,1.0,0.381,0.919,0.964,1,0,0,0.0233,none,,,,,,,,0,10,8.25
N5zWQkoLM3M,81,,0,4,3,2,2,0,0.0,1,0.732,0.816,0.824,0.554,1.0,0.331,0.887,0.93,1,0,0,0.0206,none,,,,,,,,0,10,8.25
N5zWQkoLM3M,82,,0,4,3,1,1,2,0.0,1,0.833,0.808,0.819,0.562,1.0,0.388,0.868,0.949,1,0,0,0.0236,none,,,,,,,,0,10,8.25
N5zWQkoLM3M,83,,0,5,3,2,2,1,0.0,1,0.788,0.851,0.819,0.556,1.0,0.368,0.883,0.949,1,0,0,0.0214,none,,,,,,,,0,10,8.25
N5zWQkoLM3M,84,,0,4,3,2,2,0,0.0,1,0.844,0.844,0.788,0.563,1.0,0.35,0.863,0.694,1,0,0,0.0248,none,,,,,,,,0,10,8.25
N5zWQkoLM3M,87,,0,7,3,1,1,0,0.0,1,0.848,0.75,0.789,0.565,1.0,0.51,0.829,0.81,1,0,0,0.0274,none,,,,,,,,0,46,8.25
N5zWQkoLM3M,89,,0,6,3,2,0,1,0.0,1,0.797,0.763,0.795,0.548,0.952,0.683,0.921,0.913,1,0,0,0.0316,none,,,,,,,,0,46,8.25
N5zWQkoLM3M,93,,0,5,3,2,2,1,0.0,1,0.721,0.809,0.79,0.562,1.0,0.573,0.955,0.794,1,0,0,0.03,none,,,,,,,,0,46,8.25
N5zWQkoLM3M,94,,0,6,3,1,2,0,0.0,1,0.716,0.837,0.807,0.566,0.815,0.57,0.935,0.798,1,0,0,0.0292,none,,,,,,,,0,46,8.25
N5zWQkoLM3M,95,,0,6,3,1,2,0,0.0,1,0.722,0.834,0.81,0.566,0.839,0.541,0.994,0.891,1,0,0,0.029,none,,,,,,,,0,46,8.25
N5zWQkoLM3M,96,,0,5,3,2,1,0,0.0,1,0.721,0.83,0.806,0.564,0.908,0.563,0.959,0.918,1,0,0,0.0301,none,,,,,,,,0,46,8.25
N5zWQkoLM3M,97,,0,3,3,1,0,2,0.0,1,0.748,0.821,0.811,0.561,0.871,0.604,0.947,0.902,1,0,0,0.0314,none,,,,,,,,0,46,8.25
N5zWQkoLM3M,98,,0,4,3,0,1,2,0.0,1,0.696,0.837,0.805,0.559,0.993,0.635,0.958,0.924,1,0,0,0.0301,none,,,,,,,,0,46,8.25
N5zWQkoLM3M,99,,0,5,3,0,0,1,0.0,1,0.779,0.81,0.808,0.548,1.0,0.552,0.85,0.947,1,0,0,0.0257,none,,,,,,,,0,46,8.25
N5zWQkoLM3M,102,,0,6,3,1,2,0,0.0,1,0.71,0.826,0.81,0.556,0.884,0.422,0.949,0.944,1,0,0,0.0215,none,,,,,,,,0,46,8.25
N5zWQkoLM3M,103,,0,5,3,1,1,0,0.0,1,0.739,0.777,0.815,0.554,1.0,0.449,0.972,0.933,1,0,0,0.0216,none,,,,,,,,0,46,8.25
N5zWQkoLM3M,104,,0,3,3,2,2,1,0.0,1,0.724,0.796,0.819,0.555,1.0,0.459,0.968,0.951,1,0,0,0.0223,none,,,,,,,,0,46,8.25
N5zWQkoLM3M,105,,0,4,3,1,0,2,0.0,1,0.72,0.838,0.811,0.566,0.961,0.53,0.82,0.865,1,0,0,0.0272,none,,,,,,,,0,46,8.25
N5zWQkoLM3M,110,,0,5,3,1,0,2,0.0,1,0.744,0.848,0.803,0.571,0.807,0.487,0.991,0.915,1,0,0,0.0293,none,,,,,,,,0,46,8.25
N5zWQkoLM3M,112,,0,6,3,2,0,1,0.0,1,0.688,0.851,0.807,0.571,0.685,0.447,0.987,0.911,1,0,0,0.0291,none,,,,,,,,0,46,8.25
N5zWQkoLM3M,113,,0,5,3,2,0,1,0.0,1,0.717,0.849,0.808,0.569,0.672,0.442,0.98,0.968,1,0,0,0.0293,none,,,,,,,,0,46,8.25
N5zWQkoLM3M,114,,0,4,3,0,2,1,0.0,1,0.707,0.853,0.804,0.569,0.591,0.425,0.986,0.912,1,0,0,0.0296,none,,,,,,,,0,46,8.25
N5zWQkoLM3M,115,,0,4,3,0,2,1,0.0,1,0.662,0.854,0.804,0.568,0.564,0.392,0.983,0.937,1,0,0,0.0295,none,,,,,,,,0,46,8.25
N5zWQkoLM3M,116,,0,5,3,0,1,2,0.0,1,0.691,0.861,0.798,0.567,0.479,0.351,0.99,0.929,1,0,0,0.0294,none,,,,,,,,0,46,8.25
N5zWQkoLM3M,117,,0,4,3,0,2,1,0.0,1,0.68,0.855,0.793,0.568,0.483,0.353,0.99,0.939,1,0,0,0.0296,none,,,,,,,,0,46,8.25
N5zWQkoLM3M,118,,0,6,3,0,2,1,0.0,1,0.702,0.846,0.791,0.568,0.521,0.379,0.985,0.98,1,0,0,0.0293,none,,,,,,,,0,46,8.25
N5zWQkoLM3M,119,0.80,1,6,3,0,2,1,0.0,1,0.668,0.849,0.789,0.57,0.441,0.313,0.983,0.949,1,0,0,0.0295,labels.json,2,2,medium,1,0,1,0,0,46,8.25
N5zWQkoLM3M,120,,0,4,3,2,0,1,0.0,1,0.732,0.848,0.77,0.569,0.658,0.369,0.981,0.768,1,0,0,0.0289,none,,,,,,,,0,46,8.25
N5zWQkoLM3M,121,,0,5,3,0,2,1,0.0,1,0.605,0.849,0.777,0.569,0.49,0.387,0.966,0.676,1,0,0,0.0279,none,,,,,,,,0,46,8.25
N5zWQkoLM3M,122,,0,4,3,0,2,1,0.0,1,0.624,0.833,0.789,0.567,0.538,0.387,0.971,0.879,1,0,0,0.0277,none,,,,,,,,0,46,8.25
N5zWQkoLM3M,123,,0,4,3,0,2,1,0.0,1,0.7,0.838,0.788,0.567,0.607,0.426,0.996,0.974,1,0,0,0.0278,none,,,,,,,,0,46,8.25
N5zWQkoLM3M,124,,0,5,3,0,2,1,0.0,1,0.628,0.835,0.798,0.567,0.951,0.55,0.994,0.821,1,0,0,0.0279,none,,,,,,,,0,46,8.25
N5zWQkoLM3M,125,,0,4,3,0,2,1,0.0,1,0.663,0.83,0.791,0.567,0.906,0.604,0.993,0.837,1,0,0,0.028,none,,,,,,,,0,46,8.25
N5zWQkoLM3M,126,,0,7,3,1,2,0,0.0,1,0.728,0.851,0.792,0.571,0.897,0.61,0.934,0.947,1,0,0,0.0277,none,,,,,,,,0,46,8.25
N5zWQkoLM3M,127,,0,3,3,1,2,0,0.0,1,0.703,0.863,0.801,0.572,0.928,0.556,0.973,0.895,1,0,0,0.0271,none,,,,,,,,0,46,8.25
N5zWQkoLM3M,128,,0,3,3,2,2,0,0.0,1,0.766,0.862,0.811,0.569,1.0,0.512,0.96,0.852,1,0,0,0.0269,none,,,,,,,,0,46,8.25
N5zWQkoLM3M,129,,0,6,3,2,1,0,0.0,1,0.727,0.858,0.796,0.571,0.843,0.625,0.873,0.791,1,0,0,0.0308,none,,,,,,,,0,46,8.25
N5zWQkoLM3M,131,,0,4,3,1,2,0,0.0,1,0.697,0.849,0.797,0.57,0.848,0.539,0.804,0.769,1,0,0,0.0267,none,,,,,,,,0,46,8.25
N5zWQkoLM3M,134,,0,4,3,2,2,1,0.0,1,0.662,0.838,0.825,0.561,1.0,0.346,0.814,0.925,1,0,0,0.0222,none,,,,,,,,0,17,8.25
N5zWQkoLM3M,135,,0,3,3,2,2,0,0.0,1,0.8,0.841,0.798,0.567,1.0,0.457,0.84,0.741,1,0,0,0.0264,none,,,,,,,,0,17,8.25
N5zWQkoLM3M,136,,0,3,3,2,2,0,0.0,1,0.777,0.842,0.785,0.569,1.0,0.396,0.918,0.844,1,0,0,0.0272,none,,,,,,,,0,17,8.25
N5zWQkoLM3M,137,,0,3,3,2,2,1,0.0,1,0.868,0.85,0.779,0.57,1.0,0.265,0.976,0.658,1,0,0,0.0276,none,,,,,,,,0,17,8.25
N5zWQkoLM3M,138,,0,3,3,1,1,2,0.0,1,0.856,0.846,0.775,0.567,1.0,0.261,0.947,0.963,1,0,0,0.0276,none,,,,,,,,0,17,8.25
N5zWQkoLM3M,139,,0,4,3,0,0,1,0.0,1,0.884,0.844,0.78,0.567,1.0,0.297,0.968,0.882,1,0,0,0.0278,none,,,,,,,,0,17,8.25
N5zWQkoLM3M,140,,0,4,3,1,1,0,0.0,1,0.869,0.82,0.816,0.569,1.0,0.423,0.951,0.663,1,0,0,0.0265,none,,,,,,,,0,17,8.25
N5zWQkoLM3M,141,,0,5,3,2,1,0,0.0,1,0.856,0.819,0.807,0.567,0.799,0.353,0.96,0.913,1,0,0,0.0255,none,,,,,,,,0,17,8.25
N5zWQkoLM3M,142,,0,4,3,1,2,0,0.0,1,0.772,0.841,0.804,0.565,0.605,0.346,0.959,0.773,1,0,0,0.0262,none,,,,,,,,0,17,8.25
N5zWQkoLM3M,143,,0,3,3,1,2,0,0.0,1,0.77,0.822,0.801,0.567,0.608,0.334,0.932,0.952,1,0,0,0.0251,none,,,,,,,,0,17,8.25
N5zWQkoLM3M,144,,0,6,3,1,2,0,0.0,1,0.811,0.845,0.803,0.571,0.795,0.495,0.933,0.944,1,0,0,0.0268,none,,,,,,,,0,17,8.25
N5zWQkoLM3M,145,,0,4,3,0,1,2,0.0,1,0.813,0.832,0.801,0.567,0.815,0.477,0.93,0.97,1,0,0,0.0252,none,,,,,,,,0,17,8.25
N5zWQkoLM3M,146,,0,4,3,2,0,1,0.0,1,0.792,0.848,0.797,0.57,0.742,0.493,0.937,0.924,1,0,0,0.0269,none,,,,,,,,0,17,8.25
N5zWQkoLM3M,147,,0,5,3,1,0,2,0.0,1,0.785,0.841,0.8,0.559,0.827,0.558,0.855,0.91,1,0,0,0.0283,none,,,,,,,,0,17,8.25
N5zWQkoLM3M,148,,0,4,3,0,2,1,0.0,1,0.784,0.818,0.798,0.557,0.907,0.481,0.815,0.945,1,0,0,0.0232,none,,,,,,,,0,17,8.25
hz-SpF35_BE,133,,0,5,3,1,1,0,0.0,1,0.756,0.698,0.399,0.566,1.0,0.511,0.971,0.971,1,0,0,0.0386,none,,,,,,,,0,12,8.25
hz-SpF35_BE,134,,0,4,3,1,1,0,0.0,1,0.784,0.74,0.395,0.568,1.0,0.548,0.947,0.96,1,0,0,0.0408,none,,,,,,,,0,12,8.25
idueIYDAbZc,78,,0,3,3,1,2,1,0.0,1,0.841,0.599,0.646,0.535,0.643,1.0,0.815,0.959,1,0,0,0.0405,none,,,,,,,,0,23,8.25
idueIYDAbZc,80,,0,3,3,2,1,2,0.0,1,0.823,0.563,0.637,0.501,0.853,1.0,0.88,0.9,1,0,0,0.0451,none,,,,,,,,0,23,8.25
idueIYDAbZc,83,,0,3,3,2,0,2,0.0,1,0.849,0.579,0.594,0.469,0.878,1.0,0.874,0.786,1,0,0,0.0413,none,,,,,,,,0,23,8.25
idueIYDAbZc,84,,0,3,3,2,0,2,0.0,1,0.861,0.594,0.571,0.458,0.797,1.0,0.904,0.735,1,0,0,0.0363,none,,,,,,,,0,23,8.25
idueIYDAbZc,85,,0,3,3,2,0,2,0.0,1,0.849,0.55,0.558,0.448,0.775,1.0,0.894,0.773,1,0,0,0.0351,none,,,,,,,,0,23,8.25
idueIYDAbZc,86,,0,3,3,1,0,1,0.0,1,0.842,0.52,0.554,0.447,0.812,1.0,0.936,0.794,1,0,0,0.0353,none,,,,,,,,0,23,8.25
idueIYDAbZc,87,,0,3,3,0,2,0,0.0,1,0.821,0.557,0.558,0.45,0.818,1.0,0.943,0.937,1,0,0,0.0345,none,,,,,,,,0,23,8.25
idueIYDAbZc,89,,0,3,3,2,0,2,0.0,1,0.819,0.538,0.56,0.47,0.685,1.0,0.897,0.738,1,0,0,0.0305,none,,,,,,,,0,23,8.25
idueIYDAbZc,90,,0,4,3,1,0,1,0.0,1,0.766,0.57,0.549,0.467,0.675,1.0,0.951,0.795,1,0,0,0.0286,none,,,,,,,,0,23,8.25
idueIYDAbZc,91,,0,5,3,1,0,1,0.0,1,0.794,0.549,0.546,0.467,0.701,1.0,0.888,0.852,1,0,0,0.0275,none,,,,,,,,0,23,8.25
idueIYDAbZc,92,,0,4,3,0,1,0,0.0,1,0.747,0.454,0.536,0.456,0.694,1.0,0.875,0.846,1,0,0,0.0268,none,,,,,,,,0,23,8.25
idueIYDAbZc,94,,0,6,3,0,2,0,0.0,1,0.541,0.394,0.519,0.452,0.668,1.0,0.882,0.705,1,0,0,0.0223,none,,,,,,,,0,23,8.25
idueIYDAbZc,95,,0,6,3,2,1,2,0.0,1,0.468,0.45,0.514,0.444,0.813,1.0,0.935,0.777,1,0,0,0.0257,none,,,,,,,,0,23,8.25
X6dC9pu5H3k,112,,0,6,5,2,2,0,0.0,1,0.388,0.792,0.659,0.41,1.0,0.304,0.913,0.959,1,0,0,0.0173,none,,,,,,,,0,48,8.214
X6dC9pu5H3k,59,,0,8,7,6,2,0,0.0,1,0.775,0.787,0.832,0.309,0.457,0.716,0.916,0.947,1,0,0,0.016,none,,,,,,,,0,11,8.2
3USSmzO001k,126,,0,3,2,1,0,1,0.0,1,0.95,0.85,0.803,0.775,0.817,1.0,0.976,0.994,1,0,0,0.0746,none,,,,,,,,0,11,8.167
3USSmzO001k,127,,0,2,2,1,0,1,0.0,1,0.953,0.859,0.803,0.774,0.803,1.0,0.983,0.999,1,0,0,0.0745,none,,,,,,,,0,11,8.167
3USSmzO001k,128,,0,2,2,1,0,1,0.0,1,0.95,0.855,0.802,0.773,0.783,1.0,0.978,0.996,1,0,0,0.0743,none,,,,,,,,0,11,8.167
3USSmzO001k,134,,0,2,2,1,0,1,0.0,1,0.947,0.818,0.802,0.724,0.842,1.0,0.814,0.997,1,0,0,0.0745,none,,,,,,,,0,17,8.167
3USSmzO001k,135,,0,2,2,1,0,1,0.0,1,0.95,0.837,0.803,0.708,0.935,1.0,0.845,0.997,1,0,0,0.0746,none,,,,,,,,0,17,8.167
3USSmzO001k,136,,0,2,2,1,0,1,0.0,1,0.948,0.834,0.803,0.704,0.904,1.0,0.956,0.995,1,0,0,0.0749,none,,,,,,,,0,17,8.167
3USSmzO001k,137,,0,2,2,1,0,1,0.0,1,0.948,0.807,0.803,0.688,0.786,1.0,0.846,0.997,1,0,0,0.0749,none,,,,,,,,0,17,8.167
3USSmzO001k,138,,0,2,2,1,0,1,0.0,1,0.952,0.85,0.803,0.665,0.689,1.0,0.82,0.999,1,0,0,0.0748,none,,,,,,,,0,17,8.167
3USSmzO001k,139,,0,2,2,1,0,1,0.0,1,0.951,0.828,0.803,0.651,0.626,1.0,0.892,0.996,1,0,0,0.075,none,,,,,,,,0,17,8.167
3USSmzO001k,140,,0,2,2,1,0,1,0.0,1,0.952,0.855,0.803,0.65,0.568,1.0,0.908,0.996,1,0,0,0.075,none,,,,,,,,0,17,8.167
3USSmzO001k,141,,0,2,2,1,0,1,0.0,1,0.952,0.843,0.803,0.647,0.55,1.0,0.966,0.996,1,0,0,0.075,none,,,,,,,,0,17,8.167
3USSmzO001k,142,,0,2,2,1,0,1,0.0,1,0.948,0.865,0.803,0.643,0.537,1.0,0.976,0.996,1,0,0,0.0747,none,,,,,,,,0,17,8.167
3USSmzO001k,143,,0,2,2,1,0,1,0.0,1,0.948,0.863,0.803,0.642,0.537,1.0,0.994,0.997,1,0,0,0.0749,none,,,,,,,,0,17,8.167
3USSmzO001k,144,,0,2,2,1,0,1,0.0,1,0.948,0.856,0.803,0.642,0.533,1.0,0.991,0.994,1,0,0,0.0745,none,,,,,,,,0,17,8.167
3USSmzO001k,145,,0,2,2,1,0,1,0.0,1,0.947,0.853,0.802,0.641,0.534,1.0,0.991,0.998,1,0,0,0.0745,none,,,,,,,,0,17,8.167
3USSmzO001k,146,,0,2,2,1,0,1,0.0,1,0.947,0.842,0.803,0.637,0.523,1.0,0.957,0.994,1,0,0,0.0746,none,,,,,,,,0,17,8.167
3USSmzO001k,147,,0,2,2,1,0,1,0.0,1,0.946,0.849,0.803,0.632,0.52,1.0,0.964,0.997,1,0,0,0.0744,none,,,,,,,,0,17,8.167
3USSmzO001k,148,,0,2,2,1,0,1,0.0,1,0.945,0.885,0.803,0.624,0.523,1.0,0.95,0.996,1,0,0,0.0743,none,,,,,,,,0,17,8.167
3USSmzO001k,149,,0,2,2,1,0,1,0.0,1,0.944,0.889,0.803,0.609,0.5,1.0,0.905,0.998,1,0,0,0.0743,none,,,,,,,,0,17,8.167
GS-PcxmaHmQ,33,,0,2,2,0,1,0,0.0,1,0.836,0.786,0.773,0.691,0.914,1.0,0.951,0.997,1,0,0,0.205,none,,,,,,,,0,40,8.167
GS-PcxmaHmQ,34,,0,2,2,0,1,0,0.0,1,0.835,0.789,0.772,0.688,0.925,1.0,0.987,0.993,1,0,0,0.2048,none,,,,,,,,0,40,8.167
GS-PcxmaHmQ,35,,0,2,2,0,1,0,0.0,1,0.831,0.796,0.77,0.688,0.923,1.0,0.991,0.992,1,0,0,0.2031,none,,,,,,,,0,40,8.167
GS-PcxmaHmQ,36,,0,2,2,0,1,0,0.0,1,0.829,0.791,0.77,0.688,0.931,1.0,0.995,0.996,1,0,0,0.2037,none,,,,,,,,0,40,8.167
GS-PcxmaHmQ,37,,0,2,2,0,1,0,0.0,1,0.821,0.786,0.77,0.69,0.914,1.0,0.986,0.995,1,0,0,0.2029,none,,,,,,,,0,40,8.167
GS-PcxmaHmQ,38,,0,2,2,0,1,0,0.0,1,0.826,0.773,0.77,0.695,0.893,1.0,0.976,0.997,1,0,0,0.203,none,,,,,,,,0,40,8.167
GS-PcxmaHmQ,39,,0,2,2,0,1,0,0.0,1,0.818,0.776,0.769,0.693,0.884,1.0,0.994,0.991,1,0,0,0.2012,none,,,,,,,,0,40,8.167
GS-PcxmaHmQ,40,,0,2,2,0,1,0,0.0,1,0.814,0.785,0.768,0.691,0.886,1.0,0.989,0.991,1,0,0,0.2004,none,,,,,,,,0,40,8.167
GS-PcxmaHmQ,41,,0,2,2,0,1,0,0.0,1,0.812,0.79,0.768,0.693,0.875,1.0,0.982,0.995,1,0,0,0.2011,none,,,,,,,,0,40,8.167
GS-PcxmaHmQ,42,,0,2,2,0,1,0,0.0,1,0.811,0.785,0.768,0.69,0.879,1.0,0.989,0.995,1,0,0,0.2013,none,,,,,,,,0,40,8.167
GS-PcxmaHmQ,43,,0,2,2,0,1,0,0.0,1,0.811,0.784,0.768,0.687,0.887,1.0,0.981,0.996,1,0,0,0.2004,none,,,,,,,,0,40,8.167
GS-PcxmaHmQ,44,,0,2,2,0,1,0,0.0,1,0.812,0.782,0.767,0.684,0.882,1.0,0.986,0.996,1,0,0,0.1999,none,,,,,,,,0,40,8.167
GS-PcxmaHmQ,45,,0,2,2,0,1,0,0.0,1,0.816,0.783,0.766,0.678,0.884,1.0,0.975,0.994,1,0,0,0.1986,none,,,,,,,,0,40,8.167
GS-PcxmaHmQ,46,,0,2,2,0,1,0,0.0,1,0.818,0.776,0.765,0.677,0.884,1.0,0.993,0.995,1,0,0,0.1984,none,,,,,,,,0,40,8.167
GS-PcxmaHmQ,47,,0,2,2,0,1,0,0.0,1,0.816,0.778,0.764,0.674,0.88,1.0,0.983,0.994,1,0,0,0.1972,none,,,,,,,,0,40,8.167
GS-PcxmaHmQ,48,,0,2,2,0,1,0,0.0,1,0.82,0.767,0.763,0.671,0.877,1.0,0.987,0.995,1,0,0,0.1969,none,,,,,,,,0,40,8.167
GS-PcxmaHmQ,49,,0,2,2,0,1,0,0.0,1,0.817,0.774,0.762,0.664,0.869,1.0,0.969,0.995,1,0,0,0.196,none,,,,,,,,0,40,8.167
GS-PcxmaHmQ,50,,0,2,2,0,1,0,0.0,1,0.817,0.763,0.761,0.658,0.869,1.0,0.967,0.99,1,0,0,0.1941,none,,,,,,,,0,40,8.167
GS-PcxmaHmQ,51,,0,2,2,0,1,0,0.0,1,0.819,0.765,0.761,0.648,0.868,1.0,0.954,0.982,1,0,0,0.1966,none,,,,,,,,0,40,8.167
GS-PcxmaHmQ,52,,0,2,2,0,1,0,0.0,1,0.816,0.774,0.758,0.631,0.867,1.0,0.926,0.983,1,0,0,0.1951,none,,,,,,,,0,40,8.167
GS-PcxmaHmQ,53,,0,2,2,0,1,0,0.0,1,0.82,0.765,0.758,0.611,0.896,1.0,0.909,0.997,1,0,0,0.1945,none,,,,,,,,0,40,8.167
GS-PcxmaHmQ,54,,0,2,2,0,1,0,0.0,1,0.819,0.768,0.757,0.594,0.879,1.0,0.929,0.995,1,0,0,0.1951,none,,,,,,,,0,40,8.167
GS-PcxmaHmQ,55,,0,2,2,0,1,0,0.0,1,0.819,0.767,0.755,0.573,0.869,1.0,0.909,0.993,1,0,0,0.1939,none,,,,,,,,0,40,8.167
GS-PcxmaHmQ,56,,0,2,2,0,1,0,0.0,1,0.823,0.752,0.755,0.543,0.895,1.0,0.876,0.996,1,0,0,0.1932,none,,,,,,,,0,40,8.167
GS-PcxmaHmQ,57,,0,2,2,0,1,0,0.0,1,0.823,0.753,0.752,0.52,0.923,1.0,0.891,0.981,1,0,0,0.1956,none,,,,,,,,0,40,8.167
GS-PcxmaHmQ,58,,0,2,2,0,1,0,0.0,1,0.81,0.755,0.752,0.5,0.924,1.0,0.909,0.987,1,0,0,0.1929,none,,,,,,,,0,40,8.167
GS-PcxmaHmQ,59,,0,2,2,0,1,0,0.0,1,0.776,0.758,0.752,0.489,0.924,1.0,0.95,0.991,1,0,0,0.1922,none,,,,,,,,0,40,8.167
GS-PcxmaHmQ,60,,0,2,2,0,1,0,0.0,1,0.788,0.76,0.751,0.482,0.884,1.0,0.967,0.98,1,0,0,0.1883,none,,,,,,,,0,40,8.167
GS-PcxmaHmQ,61,,0,2,2,0,1,0,0.0,1,0.781,0.759,0.762,0.478,0.809,1.0,0.968,0.932,1,0,0,0.1779,none,,,,,,,,0,40,8.167
GS-PcxmaHmQ,62,,0,2,2,0,1,0,0.0,1,0.793,0.76,0.764,0.47,0.772,1.0,0.966,0.977,1,0,0,0.1739,none,,,,,,,,0,40,8.167
GS-PcxmaHmQ,63,,0,2,2,0,1,0,0.0,1,0.797,0.765,0.766,0.46,0.752,1.0,0.955,0.98,1,0,0,0.1704,none,,,,,,,,0,40,8.167
GS-PcxmaHmQ,64,,0,2,2,0,1,0,0.0,1,0.812,0.762,0.766,0.447,0.749,1.0,0.941,0.991,1,0,0,0.1688,none,,,,,,,,0,40,8.167
GS-PcxmaHmQ,65,,0,2,2,0,1,0,0.0,1,0.808,0.766,0.769,0.435,0.766,1.0,0.947,0.982,1,0,0,0.1697,none,,,,,,,,0,40,8.167
GS-PcxmaHmQ,66,,0,2,2,0,1,0,0.0,1,0.812,0.756,0.768,0.419,0.766,1.0,0.931,0.982,1,0,0,0.1691,none,,,,,,,,0,40,8.167
GS-PcxmaHmQ,67,,0,2,2,0,1,0,0.0,1,0.805,0.762,0.77,0.4,0.791,1.0,0.92,0.985,1,0,0,0.1716,none,,,,,,,,0,40,8.167
GS-PcxmaHmQ,68,,0,2,2,0,1,0,0.0,1,0.805,0.756,0.767,0.381,0.81,1.0,0.923,0.98,1,0,0,0.1715,none,,,,,,,,0,40,8.167
GS-PcxmaHmQ,69,,0,2,2,0,1,0,0.0,1,0.808,0.754,0.785,0.358,0.933,1.0,0.897,0.9,1,0,0,0.1905,none,,,,,,,,0,40,8.167
GS-PcxmaHmQ,70,,0,2,2,1,1,0,0.0,1,0.801,0.769,0.806,0.329,1.0,0.898,0.876,0.885,1,0,0,0.1931,none,,,,,,,,0,40,8.167
GS-PcxmaHmQ,71,,0,2,2,1,1,0,0.0,1,0.808,0.759,0.819,0.321,1.0,0.804,0.958,0.931,1,0,0,0.185,none,,,,,,,,0,40,8.167
Zp9aDp2YTBw,16,,0,2,2,0,1,0,0.0,1,0.858,0.851,0.948,0.609,0.336,1.0,0.826,0.92,1,0,0,0.0205,none,,,,,,,,0,26,8.167
Zp9aDp2YTBw,21,,0,2,2,0,1,0,0.0,1,0.884,0.789,0.947,0.495,0.308,1.0,0.827,0.91,1,0,0,0.0232,none,,,,,,,,0,26,8.167
Zp9aDp2YTBw,22,,0,2,2,0,1,0,0.0,1,0.857,0.837,0.952,0.49,0.282,1.0,0.869,0.837,1,0,0,0.0238,none,,,,,,,,0,26,8.167
Zp9aDp2YTBw,23,,0,2,2,0,1,0,0.0,1,0.865,0.771,0.965,0.501,0.296,1.0,0.902,0.723,1,0,0,0.0267,none,,,,,,,,0,26,8.167
Zp9aDp2YTBw,24,0.20,1,2,2,0,1,0,0.0,1,0.865,0.823,0.964,0.504,0.311,1.0,0.926,0.861,1,0,0,0.0278,ai_none,,none,high,,,,,0,26,8.167
Zp9aDp2YTBw,25,,0,2,2,0,1,0,0.0,1,0.855,0.824,0.957,0.504,0.311,1.0,0.921,0.888,1,0,0,0.0284,none,,,,,,,,0,26,8.167
Zp9aDp2YTBw,26,,0,2,2,0,1,0,0.0,1,0.848,0.805,0.963,0.531,0.303,1.0,0.826,0.758,1,0,0,0.0273,none,,,,,,,,0,26,8.167
Zp9aDp2YTBw,27,,0,2,2,0,1,0,0.0,1,0.856,0.831,0.956,0.554,0.29,1.0,0.833,0.753,1,0,0,0.0247,none,,,,,,,,0,26,8.167
Zp9aDp2YTBw,28,,0,2,2,0,1,0,0.0,1,0.869,0.852,0.935,0.576,0.299,1.0,0.804,0.662,1,0,0,0.0247,none,,,,,,,,0,26,8.167
Zp9aDp2YTBw,29,,0,2,2,0,1,0,0.0,1,0.887,0.851,0.929,0.583,0.287,1.0,0.926,0.881,1,0,0,0.0224,none,,,,,,,,0,26,8.167
Zp9aDp2YTBw,30,,0,2,2,0,1,0,0.0,1,0.883,0.849,0.932,0.566,0.279,1.0,0.853,0.798,1,0,0,0.0205,none,,,,,,,,0,26,8.167
Zp9aDp2YTBw,31,,0,2,2,0,1,0,0.0,1,0.875,0.809,0.929,0.544,0.287,1.0,0.804,0.893,1,0,0,0.0202,none,,,,,,,,0,26,8.167
Zp9aDp2YTBw,33,,0,2,2,0,1,0,0.0,1,0.84,0.846,0.905,0.508,0.334,1.0,0.81,0.806,1,0,0,0.0209,none,,,,,,,,0,26,8.167
Zp9aDp2YTBw,34,,0,2,2,0,1,0,0.0,1,0.818,0.837,0.906,0.494,0.353,1.0,0.865,0.83,1,0,0,0.0223,none,,,,,,,,0,26,8.167
Zp9aDp2YTBw,35,,0,2,2,0,1,0,0.0,1,0.86,0.842,0.919,0.487,0.345,1.0,0.889,0.668,1,0,0,0.0237,none,,,,,,,,0,26,8.167
bh6Cvz2orzQ,50,,0,2,2,0,0,1,0.0,1,0.584,0.806,0.721,0.633,1.0,0.215,0.89,0.945,1,0,0,0.1178,none,,,,,,,,0,21,8.167
bh6Cvz2orzQ,51,,0,3,2,0,0,1,0.0,1,0.586,0.811,0.769,0.642,1.0,0.256,0.908,0.856,1,0,0,0.1226,none,,,,,,,,0,21,8.167
bh6Cvz2orzQ,52,,0,3,2,0,0,1,0.0,1,0.597,0.722,0.712,0.633,1.0,0.245,0.89,0.865,1,0,0,0.1307,none,,,,,,,,0,21,8.167
bh6Cvz2orzQ,53,,0,3,2,0,0,1,0.0,1,0.619,0.757,0.719,0.613,1.0,0.252,0.863,0.977,1,0,0,0.1355,none,,,,,,,,0,21,8.167
bh6Cvz2orzQ,54,,0,2,2,0,0,1,0.0,1,0.616,0.755,0.702,0.621,1.0,0.284,0.886,0.944,1,0,0,0.1524,none,,,,,,,,0,21,8.167
bh6Cvz2orzQ,55,,0,3,2,0,0,1,0.0,1,0.625,0.77,0.672,0.639,1.0,0.294,0.881,0.927,1,0,0,0.1583,none,,,,,,,,0,21,8.167
bh6Cvz2orzQ,56,,0,2,2,0,0,1,0.0,1,0.622,0.835,0.675,0.626,1.0,0.307,0.914,0.991,1,0,0,0.1665,none,,,,,,,,0,21,8.167
bh6Cvz2orzQ,57,,0,3,2,0,0,1,0.0,1,0.617,0.835,0.694,0.615,1.0,0.318,0.896,0.951,1,0,0,0.1695,none,,,,,,,,0,21,8.167
bh6Cvz2orzQ,58,,0,2,2,0,0,1,0.0,1,0.625,0.826,0.708,0.605,1.0,0.322,0.904,0.953,1,0,0,0.1693,none,,,,,,,,0,21,8.167
bh6Cvz2orzQ,59,,0,2,2,0,0,1,0.0,1,0.623,0.803,0.716,0.607,1.0,0.321,0.975,0.981,1,0,0,0.1677,none,,,,,,,,0,21,8.167
bh6Cvz2orzQ,60,,0,2,2,0,0,1,0.0,1,0.604,0.788,0.736,0.593,1.0,0.327,0.872,0.926,1,0,0,0.1654,none,,,,,,,,0,21,8.167
bh6Cvz2orzQ,61,,0,2,2,0,0,1,0.0,1,0.598,0.776,0.755,0.579,1.0,0.333,0.903,0.929,1,0,0,0.163,none,,,,,,,,0,21,8.167
bh6Cvz2orzQ,62,,0,2,2,0,0,1,0.0,1,0.602,0.783,0.769,0.572,1.0,0.328,0.913,0.958,1,0,0,0.1629,none,,,,,,,,0,21,8.167
bh6Cvz2orzQ,65,,0,2,2,0,0,1,0.0,1,0.627,0.795,0.703,0.635,1.0,0.314,0.907,0.947,1,0,0,0.1653,none,,,,,,,,0,21,8.167
bh6Cvz2orzQ,66,,0,3,2,0,0,1,0.0,1,0.617,0.818,0.675,0.669,1.0,0.311,0.835,0.93,1,0,0,0.1621,none,,,,,,,,0,21,8.167
bh6Cvz2orzQ,68,,0,3,2,0,0,1,0.0,1,0.619,0.82,0.617,0.744,1.0,0.299,0.837,0.964,1,0,0,0.1528,none,,,,,,,,0,21,8.167
hz-SpF35_BE,127,,0,5,2,1,1,0,0.0,1,0.7,0.738,0.388,0.565,1.0,0.512,0.983,0.926,1,0,0,0.0449,none,,,,,,,,0,12,8.167
hz-SpF35_BE,128,,0,7,2,1,1,0,0.0,1,0.683,0.717,0.39,0.571,1.0,0.512,0.935,0.964,1,0,0,0.0452,none,,,,,,,,0,12,8.167
hz-SpF35_BE,129,,0,5,2,1,1,0,0.0,1,0.708,0.735,0.396,0.571,1.0,0.543,0.936,0.852,1,0,0,0.0424,none,,,,,,,,0,12,8.167
hz-SpF35_BE,130,,0,7,2,1,1,0,0.0,1,0.738,0.655,0.395,0.565,1.0,0.494,0.889,0.939,1,0,0,0.0378,none,,,,,,,,0,12,8.167
hz-SpF35_BE,131,,0,4,2,1,1,0,0.0,1,0.72,0.699,0.397,0.569,1.0,0.546,0.924,0.966,1,0,0,0.0404,none,,,,,,,,0,12,8.167
hz-SpF35_BE,132,,0,4,2,1,1,0,0.0,1,0.742,0.692,0.398,0.568,1.0,0.538,0.98,0.986,1,0,0,0.0396,none,,,,,,,,0,12,8.167
hz-SpF35_BE,135,,0,2,2,1,1,0,0.0,1,0.777,0.789,0.398,0.565,1.0,0.536,0.942,0.966,1,0,0,0.0413,none,,,,,,,,0,12,8.167
hz-SpF35_BE,136,,0,4,2,1,1,0,0.0,1,0.767,0.791,0.405,0.564,1.0,0.531,0.963,0.935,1,0,0,0.0426,none,,,,,,,,0,12,8.167
Zp9aDp2YTBw,32,,0,2,2,0,1,0,0.0,1,0.857,0.771,0.914,0.527,0.289,1.0,0.825,0.792,1,0,0,0.0199,none,,,,,,,,0,26,8.159
CFjNxCZhn_8,28,,0,15,10,8,8,5,0.053,1,0.731,0.843,0.752,0.609,1.0,0.924,0.806,0.094,1,1,0,0.0257,none,,,,,,,,0,1,8.15
Fz16t9SrF3U,97,,0,6,5,2,0,1,0.0,1,0.868,0.801,0.719,0.844,0.884,0.622,0.807,0.956,1,0,0,0.05,none,,,,,,,,0,8,8.117
hz-SpF35_BE,16,,0,2,2,1,1,0,0.0,1,0.669,0.738,0.414,0.572,1.0,0.517,0.941,0.0,1,1,0,0.0422,none,,,,,,,,0,3,8.117
sYl2jCqsSKo,139,,0,6,5,4,1,0,0.0,1,0.863,0.915,0.595,0.298,0.258,0.274,0.985,0.813,1,0,0,0.0155,none,,,,,,,,0,19,8.079
6hrcRyIYTrA,46,,0,7,5,1,0,1,0.0,1,0.907,0.902,0.78,0.692,0.811,1.0,0.851,0.0,1,1,0,0.0555,none,,,,,,,,0,1,8.067
idueIYDAbZc,117,,0,9,5,1,1,3,0.188,1,0.779,0.708,0.487,0.595,1.0,0.491,0.84,0.169,1,1,0,0.0362,none,,,,,,,,0,1,8.067
X6dC9pu5H3k,53,,0,8,8,0,1,0,0.0,1,0.757,0.755,0.818,0.437,0.305,1.0,0.806,0.919,1,0,0,0.0141,none,,,,,,,,0,11,8.058
IeDin6oB-IY,73,,0,10,7,0,0,2,0.0,1,0.79,0.744,0.773,0.956,1.0,0.264,0.858,0.379,1,0,0,0.0211,none,,,,,,,,0,7,8.05
hz-SpF35_BE,50,,0,5,3,1,1,0,0.0,1,0.73,0.748,0.394,0.579,1.0,0.504,0.976,0.0,1,1,0,0.0429,none,,,,,,,,0,2,8.05
sYl2jCqsSKo,138,,0,4,4,3,1,0,0.0,1,0.87,0.905,0.581,0.298,0.445,0.457,0.969,0.756,1,0,0,0.0158,none,,,,,,,,0,19,8.018
Atzrde5uGcM,144,,0,14,13,1,1,0,0.0,1,0.853,0.706,0.586,0.608,1.0,0.718,0.885,0.786,1,0,0,0.0129,none,,,,,,,,0,13,7.968
8gmHKqDxXdg,15,,0,2,2,1,1,0,0.0,1,0.742,0.803,0.518,0.655,1.0,0.533,0.993,0.0,1,1,0,0.1624,none,,,,,,,,0,2,7.967
sYl2jCqsSKo,82,,0,3,3,0,0,1,0.0,1,0.901,0.834,0.85,0.737,1.0,0.723,0.834,0.645,1,0,0,0.0202,none,,,,,,,,0,8,7.95
sYl2jCqsSKo,136,,0,4,4,3,2,0,0.0,1,0.864,0.907,0.561,0.301,0.309,0.347,0.936,0.881,1,0,0,0.0145,none,,,,,,,,0,19,7.921
IeDin6oB-IY,72,,0,11,8,7,7,2,0.0,1,0.682,0.719,0.662,0.962,1.0,0.224,0.832,0.841,1,0,0,0.0181,none,,,,,,,,0,7,7.907
3USSmzO001k,76,,0,3,3,1,0,1,0.0,1,0.949,0.833,0.82,0.784,0.726,1.0,0.985,0.0,1,1,0,0.0679,none,,,,,,,,0,1,7.9
hz-SpF35_BE,5,,0,6,3,1,1,0,0.0,1,0.706,0.726,0.386,0.572,1.0,0.405,0.916,0.0,1,1,0,0.0323,none,,,,,,,,0,1,7.9
hz-SpF35_BE,56,,0,4,3,1,1,0,0.0,1,0.747,0.781,0.405,0.574,1.0,0.546,0.932,0.0,1,1,0,0.044,none,,,,,,,,0,1,7.9
idueIYDAbZc,113,,0,8,6,1,1,2,0.0,1,0.774,0.763,0.482,0.621,1.0,0.582,0.882,0.947,1,0,0,0.0313,none,,,,,,,,0,6,7.9
idueIYDAbZc,114,,0,6,6,0,0,2,0.004,1,0.783,0.801,0.478,0.612,1.0,0.626,0.897,0.938,1,0,0,0.0338,none,,,,,,,,0,6,7.9
Atzrde5uGcM,145,,0,16,13,0,2,1,0.0,1,0.863,0.719,0.578,0.599,0.972,0.641,0.825,0.854,1,0,0,0.0119,none,,,,,,,,0,13,7.893
sYl2jCqsSKo,140,,0,5,5,4,2,0,0.0,1,0.877,0.913,0.614,0.298,0.317,0.415,0.965,0.726,1,0,0,0.0129,none,,,,,,,,0,19,7.884
3USSmzO001k,33,,0,2,2,1,0,1,0.0,1,0.954,0.826,0.846,0.808,0.866,1.0,0.908,0.972,1,0,0,0.0611,none,,,,,,,,0,8,7.867
3USSmzO001k,34,,0,2,2,1,0,1,0.0,1,0.947,0.834,0.848,0.809,0.865,1.0,0.98,0.981,1,0,0,0.062,none,,,,,,,,0,8,7.867
3USSmzO001k,35,,0,2,2,1,0,1,0.0,1,0.952,0.838,0.85,0.808,0.872,1.0,0.976,0.978,1,0,0,0.0627,none,,,,,,,,0,8,7.867
3USSmzO001k,36,,0,2,2,1,0,1,0.0,1,0.955,0.84,0.851,0.806,0.897,1.0,0.973,0.983,1,0,0,0.0638,none,,,,,,,,0,8,7.867
3USSmzO001k,37,,0,2,2,1,0,1,0.0,1,0.955,0.844,0.852,0.806,0.891,1.0,0.983,0.995,1,0,0,0.064,none,,,,,,,,0,8,7.867
3USSmzO001k,38,,0,2,2,1,0,1,0.0,1,0.953,0.88,0.852,0.805,0.855,1.0,0.951,0.998,1,0,0,0.0639,none,,,,,,,,0,8,7.867
3USSmzO001k,39,,0,2,2,1,0,1,0.0,1,0.953,0.894,0.851,0.798,0.778,1.0,0.912,0.991,1,0,0,0.0634,none,,,,,,,,0,8,7.867
Zp9aDp2YTBw,70,,0,2,2,0,0,1,0.057,1,0.859,0.845,0.905,0.868,1.0,0.809,0.835,0.85,1,0,0,0.0679,none,,,,,,,,0,8,7.867
hz-SpF35_BE,141,,0,4,2,1,1,0,0.0,1,0.781,0.846,0.406,0.547,1.0,0.506,0.889,0.0,1,1,0,0.0398,none,,,,,,,,0,1,7.817
idueIYDAbZc,104,,0,5,5,2,2,3,0.073,1,0.721,0.844,0.55,0.633,1.0,0.546,0.901,0.964,1,0,0,0.0323,none,,,,,,,,0,6,7.817
idueIYDAbZc,105,,0,7,5,3,3,0,0.111,1,0.727,0.863,0.548,0.632,1.0,0.529,0.855,0.893,1,0,0,0.0345,none,,,,,,,,0,6,7.817
w-AQcjcoDyA,24,,0,2,2,1,1,0,0.217,1,0.288,0.564,0.821,0.754,1.0,0.218,0.836,0.195,1,1,0,0.1353,none,,,,,,,,0,1,7.817
sYl2jCqsSKo,129,,0,5,3,0,1,0,0.0,1,0.864,0.92,0.549,0.332,0.729,1.0,0.946,0.981,1,0,0,0.0141,none,,,,,,,,0,19,7.808
sYl2jCqsSKo,135,,0,4,4,3,2,0,0.0,1,0.861,0.909,0.558,0.305,0.293,0.373,0.898,0.703,1,0,0,0.013,none,,,,,,,,0,19,7.808
sYl2jCqsSKo,128,,0,4,3,0,1,0,0.0,1,0.87,0.916,0.549,0.335,0.71,1.0,0.957,0.98,1,0,0,0.014,none,,,,,,,,0,19,7.8
3R1kvNrGJK0,133,,0,10,7,1,0,1,0.022,1,0.844,0.848,0.965,0.781,0.78,1.0,0.981,0.869,1,0,0,0.0442,none,,,,,,,,0,5,7.75
3R1kvNrGJK0,134,,0,9,8,1,0,1,0.0,1,0.849,0.852,0.963,0.767,0.695,1.0,0.852,0.882,1,0,0,0.0398,none,,,,,,,,0,5,7.75
3R1kvNrGJK0,135,,0,9,8,0,1,0,0.0,1,0.875,0.857,0.98,0.761,0.548,1.0,0.908,0.677,1,0,0,0.032,none,,,,,,,,0,5,7.75
3R1kvNrGJK0,136,,0,9,6,0,1,0,0.0,1,0.886,0.851,0.972,0.751,0.447,1.0,0.888,0.649,1,0,0,0.0253,none,,,,,,,,0,5,7.75
sGKeqfxwq5E,97,,0,7,7,2,2,1,0.106,1,0.864,0.886,0.816,0.663,1.0,0.875,0.871,0.759,1,0,0,0.1101,none,,,,,,,,0,5,7.75
sGKeqfxwq5E,98,,0,7,7,0,2,0,0.0,1,0.811,0.902,0.82,0.642,0.814,1.0,0.86,0.69,1,0,0,0.0945,none,,,,,,,,0,5,7.75
sGKeqfxwq5E,99,,0,9,6,0,2,0,0.0,1,0.878,0.893,0.781,0.632,0.901,1.0,0.927,0.648,1,0,0,0.1069,none,,,,,,,,0,5,7.75
sGKeqfxwq5E,100,,0,9,6,1,2,1,0.0,1,0.841,0.893,0.752,0.621,0.944,1.0,0.928,0.828,1,0,0,0.1082,none,,,,,,,,0,5,7.75
sYl2jCqsSKo,137,,0,5,4,3,1,0,0.0,1,0.871,0.911,0.587,0.299,0.299,0.402,0.959,0.657,1,0,0,0.012,none,,,,,,,,0,19,7.733
sYl2jCqsSKo,80,,0,3,3,0,0,2,0.0,1,0.904,0.812,0.788,0.761,1.0,0.629,0.882,0.597,1,0,0,0.0171,none,,,,,,,,0,8,7.732
hz-SpF35_BE,144,,0,2,2,1,1,0,0.0,1,0.759,0.798,0.395,0.548,1.0,0.449,0.926,0.941,1,0,0,0.0392,none,,,,,,,,0,7,7.717
hz-SpF35_BE,145,,0,2,2,1,1,0,0.0,1,0.786,0.72,0.39,0.556,1.0,0.482,0.901,0.941,1,0,0,0.0431,none,,,,,,,,0,7,7.717
hz-SpF35_BE,146,,0,2,2,1,1,0,0.0,1,0.77,0.712,0.398,0.559,1.0,0.455,0.964,0.914,1,0,0,0.0446,none,,,,,,,,0,7,7.717
hz-SpF35_BE,147,,0,5,2,1,1,0,0.0,1,0.77,0.712,0.384,0.56,1.0,0.525,0.971,0.877,1,0,0,0.0457,none,,,,,,,,0,7,7.717
hz-SpF35_BE,148,,0,3,2,1,1,0,0.0,1,0.739,0.684,0.385,0.561,1.0,0.549,0.969,0.954,1,0,0,0.0471,none,,,,,,,,0,7,7.717
hz-SpF35_BE,149,,0,4,2,1,1,0,0.0,1,0.744,0.754,0.383,0.56,1.0,0.535,0.993,0.979,1,0,0,0.0467,none,,,,,,,,0,7,7.717
sYl2jCqsSKo,79,,0,3,3,0,0,2,0.0,1,0.898,0.774,0.746,0.756,1.0,0.588,0.862,0.659,1,0,0,0.0166,none,,,,,,,,0,8,7.695
sYl2jCqsSKo,83,,0,3,3,0,0,1,0.0,1,0.895,0.803,0.885,0.732,1.0,0.593,0.801,0.609,1,0,0,0.0166,none,,,,,,,,0,8,7.695
IeDin6oB-IY,25,,0,10,8,2,1,0,0.0,1,0.861,0.626,0.893,0.902,0.274,0.588,0.858,0.0,1,1,0,0.0138,none,,,,,,,,0,1,7.685
IeDin6oB-IY,76,,0,7,7,0,0,4,0.115,1,0.696,0.7,0.865,0.96,1.0,0.145,0.871,0.657,1,0,0,0.015,none,,,,,,,,0,7,7.675
CFjNxCZhn_8,11,,0,11,8,2,2,1,0.0,1,0.803,0.731,0.725,0.632,1.0,0.98,0.883,0.776,1,0,0,0.0262,none,,,,,,,,0,4,7.6
CFjNxCZhn_8,12,,0,12,9,8,8,0,0.0,1,0.777,0.746,0.738,0.635,1.0,0.885,0.932,0.699,1,0,0,0.0269,none,,,,,,,,0,4,7.6
IYFifBJ9lH8,78,,0,2,2,0,1,0,0.0,1,0.823,0.709,0.773,0.554,0.522,1.0,0.827,0.0,1,1,0,0.0128,none,,,,,,,,0,3,7.577
sYl2jCqsSKo,134,,0,4,4,3,2,0,0.0,1,0.872,0.911,0.573,0.309,0.263,0.462,0.919,0.891,1,0,0,0.0096,none,,,,,,,,0,19,7.553
sYl2jCqsSKo,130,,0,4,4,3,2,0,0.0,1,0.866,0.911,0.574,0.328,0.38,0.791,0.928,0.617,1,0,0,0.009,none,,,,,,,,0,19,7.508
sYl2jCqsSKo,131,,0,5,4,3,2,0,0.0,1,0.875,0.909,0.575,0.323,0.034,0.068,0.917,0.975,1,0,0,0.0089,none,,,,,,,,0,19,7.501
CFjNxCZhn_8,92,,0,17,10,2,2,1,0.002,1,0.777,0.757,0.675,0.543,1.0,0.899,0.782,0.0,0,1,0,0.0254,none,,,,,,,,0,15,7.5
X6dC9pu5H3k,86,,0,6,6,4,4,0,0.0,1,0.333,0.789,0.642,0.531,1.0,0.395,0.584,0.0,0,1,0,0.024,none,,,,,,,,0,48,7.5
sYl2jCqsSKo,107,,0,2,2,0,1,0,0.0,1,0.849,0.906,0.802,0.619,0.717,1.0,0.887,0.0,1,1,0,0.0155,none,,,,,,,,0,1,7.479
3R1kvNrGJK0,148,,0,8,6,0,1,0,0.0,1,0.869,0.83,0.865,0.655,0.516,1.0,0.869,0.861,1,0,0,0.0302,none,,,,,,,,0,3,7.45
3R1kvNrGJK0,149,,0,6,6,0,1,0,0.0,1,0.886,0.828,0.865,0.643,0.475,1.0,0.837,0.82,1,0,0,0.0249,none,,,,,,,,0,3,7.45
Fz16t9SrF3U,86,,0,6,6,0,0,3,0.0,1,0.87,0.74,0.546,0.831,1.0,0.577,0.933,0.968,1,0,0,0.0402,none,,,,,,,,0,3,7.45
sGKeqfxwq5E,42,,0,8,6,0,1,0,0.226,1,0.869,0.755,0.639,0.607,0.76,1.0,0.996,0.995,1,0,0,0.0539,none,,,,,,,,0,3,7.45
sGKeqfxwq5E,43,,0,8,6,0,1,0,0.227,1,0.85,0.75,0.639,0.608,0.754,1.0,0.987,0.994,1,0,0,0.0537,none,,,,,,,,0,3,7.45
CFjNxCZhn_8,90,,0,13,10,2,1,2,0.0,1,0.793,0.723,0.976,0.574,0.208,1.0,0.816,0.8,1,0,0,0.0058,none,,,,,,,,0,15,7.435
sYl2jCqsSKo,133,,0,3,3,0,2,0,0.0,1,0.871,0.907,0.574,0.313,0.503,1.0,0.928,0.96,1,0,0,0.0087,none,,,,,,,,0,19,7.402
sYl2jCqsSKo,132,,0,5,3,0,2,0,0.0,1,0.877,0.903,0.576,0.317,0.484,1.0,0.896,0.951,1,0,0,0.0086,none,,,,,,,,0,19,7.395
hz-SpF35_BE,82,,0,4,3,2,2,0,0.0,1,0.716,0.642,0.399,0.573,1.0,0.454,0.936,0.949,1,0,0,0.0415,none,,,,,,,,0,4,7.35
idueIYDAbZc,75,,0,4,4,0,2,0,0.0,1,0.88,0.6,0.613,0.577,0.538,1.0,0.665,0.0,0,1,0,0.0371,none,,,,,,,,0,23,7.333
ZS-wgeg2qkI,19,,0,10,10,9,4,0,0.0,1,0.784,0.779,0.777,0.5,0.011,0.361,0.943,0.0,1,1,0,0.0011,none,,,,,,,,0,5,7.332
CFjNxCZhn_8,139,,0,15,9,0,1,4,0.0,1,0.674,0.219,0.871,0.824,0.302,0.129,0.844,0.0,1,1,0,0.0027,none,,,,,,,,0,4,7.302
3R1kvNrGJK0,139,,0,10,8,0,1,0,0.0,1,0.875,0.839,0.922,0.759,0.578,1.0,0.956,0.743,1,0,0,0.0339,none,,,,,,,,0,2,7.3
idueIYDAbZc,127,,0,7,6,2,2,3,0.0,1,0.835,0.789,0.472,0.644,1.0,0.478,0.866,0.896,1,0,0,0.0292,none,,,,,,,,0,2,7.3
6hrcRyIYTrA,120,,0,9,9,0,2,0,0.0,1,0.875,0.698,0.899,0.607,0.053,1.0,0.894,0.0,1,1,0,0.0085,none,,,,,,,,0,1,7.288
sYl2jCqsSKo,123,,0,2,2,0,1,0,0.0,1,0.867,0.917,0.566,0.35,0.905,1.0,0.854,0.86,1,0,0,0.0162,none,,,,,,,,0,6,7.282
hz-SpF35_BE,83,,0,3,2,1,1,0,0.0,1,0.712,0.669,0.399,0.575,1.0,0.453,0.971,0.986,1,0,0,0.0419,none,,,,,,,,0,4,7.267
g_wHimPF9o8,148,,0,12,8,1,1,2,0.0,1,0.861,0.769,0.9,0.959,1.0,0.928,0.832,0.0,1,1,0,0.0057,none,,,,,,,,0,2,7.228
Fz16t9SrF3U,96,,0,6,6,0,1,2,0.0,1,0.879,0.834,0.717,0.865,0.867,0.573,0.788,0.0,0,1,0,0.0451,none,,,,,,,,0,8,7.2
Zp9aDp2YTBw,40,,0,2,2,0,1,0,0.0,1,0.884,0.853,0.807,0.24,0.309,1.0,0.567,0.187,0,1,0,0.0232,none,,,,,,,,0,26,7.167
bh6Cvz2orzQ,48,,0,3,2,0,0,1,0.002,1,0.575,0.857,0.663,0.716,1.0,0.206,0.696,0.075,0,1,0,0.1101,none,,,,,,,,0,21,7.167
hz-SpF35_BE,125,,0,6,2,1,1,0,0.0,1,0.711,0.649,0.406,0.555,1.0,0.505,0.793,0.0,0,1,0,0.0391,none,,,,,,,,0,12,7.167
Atzrde5uGcM,137,,0,15,11,0,1,0,0.0,1,0.84,0.71,0.635,0.611,0.738,1.0,0.659,0.0,0,1,0,0.0149,none,,,,,,,,0,13,7.117
hz-SpF35_BE,17,,0,2,2,1,1,0,0.0,1,0.721,0.724,0.409,0.569,1.0,0.568,0.919,0.951,1,0,0,0.0455,none,,,,,,,,0,3,7.117
hz-SpF35_BE,18,,0,3,2,1,1,0,0.0,1,0.701,0.724,0.416,0.568,1.0,0.603,0.973,0.903,1,0,0,0.0461,none,,,,,,,,0,3,7.117
LXjM7nBZcak,50,,0,9,7,2,6,3,0.0,1,0.626,0.441,0.861,0.577,0.014,0.89,0.966,0.0,1,1,0,0.0021,none,,,,,,,,0,3,7.107
sYl2jCqsSKo,124,,0,2,2,0,1,0,0.0,1,0.86,0.904,0.551,0.346,0.756,1.0,0.916,0.8,1,0,0,0.0137,none,,,,,,,,0,6,7.094
hz-SpF35_BE,51,,0,3,3,1,1,0,0.0,1,0.724,0.771,0.391,0.578,1.0,0.432,0.957,0.895,1,0,0,0.0411,none,,,,,,,,0,2,7.05
X6dC9pu5H3k,51,,0,7,7,0,2,0,0.0,1,0.773,0.793,0.811,0.468,0.376,1.0,0.578,0.0,0,1,0,0.0139,none,,,,,,,,0,11,7.043
8gmHKqDxXdg,16,,0,3,2,1,1,0,0.0,1,0.726,0.809,0.52,0.655,1.0,0.523,0.976,0.98,1,0,0,0.1628,none,,,,,,,,0,2,6.967
C7icGyrdROM,33,,0,2,2,1,0,1,0.0,1,0.81,0.575,0.872,0.765,0.867,1.0,0.901,0.845,1,0,0,0.082,none,,,,,,,,0,2,6.967
ZS-wgeg2qkI,8,,0,11,10,9,6,0,0.0,1,0.739,0.795,0.739,0.505,0.008,0.256,0.903,0.0,1,1,0,0.0011,none,,,,,,,,0,2,6.882
ZS-wgeg2qkI,100,,0,11,10,9,4,0,0.0,1,0.632,0.796,0.791,0.466,0.007,0.324,0.995,0.0,1,1,0,0.001,none,,,,,,,,0,2,6.875
idueIYDAbZc,101,,0,7,5,1,1,2,0.019,1,0.791,0.816,0.58,0.665,1.0,0.616,0.748,0.0,0,1,0,0.0309,none,,,,,,,,0,6,6.817
5-jBTNp5IQA,91,,0,8,6,5,1,5,0.047,1,0.783,0.468,0.8,0.663,0.449,1.0,0.587,0.038,0,1,0,0.0107,none,,,,,,,,0,16,6.803
LXjM7nBZcak,47,,0,9,8,2,7,3,0.0,1,0.578,0.449,0.923,0.581,0.009,0.89,0.99,0.0,1,1,0,0.0014,none,,,,,,,,0,1,6.755
3R1kvNrGJK0,34,,0,9,9,1,1,0,0.0,1,0.838,0.84,0.624,0.865,1.0,0.454,0.772,0.0,0,1,0,0.0303,none,,,,,,,,0,5,6.75
sGKeqfxwq5E,96,,0,7,7,2,1,2,0.116,1,0.822,0.867,0.798,0.681,0.95,1.0,0.72,0.206,0,1,0,0.0956,none,,,,,,,,0,5,6.75
ZS-wgeg2qkI,25,,0,10,9,8,5,0,0.0,1,0.803,0.768,0.805,0.499,0.01,0.283,0.84,0.0,1,1,0,0.0013,none,,,,,,,,0,1,6.748
ZS-wgeg2qkI,16,,0,10,10,9,3,0,0.0,1,0.768,0.791,0.771,0.505,0.012,0.373,0.978,0.0,1,1,0,0.0012,none,,,,,,,,0,1,6.74
ZS-wgeg2qkI,106,,0,10,10,9,5,0,0.0,1,0.691,0.786,0.79,0.463,0.006,0.317,0.988,0.0,1,1,0,0.0009,none,,,,,,,,0,1,6.718
sYl2jCqsSKo,76,,0,4,3,0,0,1,0.0,1,0.883,0.771,0.617,0.799,1.0,0.655,0.693,0.0,0,1,0,0.0169,none,,,,,,,,0,8,6.718
sYl2jCqsSKo,98,,0,4,3,1,0,1,0.0,1,0.887,0.896,0.807,0.617,0.737,1.0,0.801,0.777,1,0,0,0.0129,none,,,,,,,,0,3,6.668
Fz16t9SrF3U,43,,0,5,5,1,0,1,0.0,1,0.893,0.882,0.828,0.723,0.899,1.0,0.581,0.0,0,1,0,0.0442,none,,,,,,,,0,5,6.667
5-jBTNp5IQA,69,,0,14,10,0,1,0,0.0,1,0.823,0.805,0.892,0.772,0.746,1.0,0.688,0.0,0,1,0,0.0148,none,,,,,,,,0,7,6.66
sYl2jCqsSKo,99,,0,3,3,0,1,0,0.0,1,0.88,0.9,0.807,0.626,0.636,1.0,0.839,0.941,1,0,0,0.0127,none,,,,,,,,0,3,6.652
CFjNxCZhn_8,9,,0,11,8,0,0,5,0.0,1,0.81,0.847,0.692,0.608,1.0,0.95,0.793,0.0,0,1,0,0.0252,none,,,,,,,,0,4,6.6
idueIYDAbZc,69,,0,5,4,2,2,1,0.0,1,0.814,0.857,0.654,0.764,1.0,0.525,0.418,0.0,0,1,0,0.0379,none,,,,,,,,0,5,6.583
3R1kvNrGJK0,45,,0,12,9,0,0,1,0.0,1,0.867,0.871,0.722,0.924,1.0,0.402,0.789,0.846,0,0,0,0.022,none,,,,,,,,0,14,6.5
3R1kvNrGJK0,46,,0,9,9,0,0,1,0.0,1,0.848,0.855,0.713,0.913,1.0,0.421,0.789,0.912,0,0,0,0.0246,none,,,,,,,,0,14,6.5
3R1kvNrGJK0,47,,0,9,9,1,1,0,0.0,1,0.853,0.868,0.698,0.892,1.0,0.471,0.735,0.846,0,0,0,0.0298,none,,,,,,,,0,14,6.5
3R1kvNrGJK0,48,,0,10,9,1,1,0,0.023,1,0.864,0.85,0.692,0.867,1.0,0.601,0.731,0.914,0,0,0,0.0379,none,,,,,,,,0,14,6.5
3R1kvNrGJK0,50,,0,9,9,0,0,1,0.15,1,0.866,0.873,0.693,0.824,1.0,0.492,0.73,0.885,0,0,0,0.0375,none,,,,,,,,0,14,6.5
3R1kvNrGJK0,53,,0,9,9,0,0,4,0.103,1,0.87,0.672,0.676,0.788,1.0,0.426,0.728,0.952,0,0,0,0.0257,none,,,,,,,,0,14,6.5
5-jBTNp5IQA,92,,0,7,6,3,0,3,0.077,1,0.801,0.667,0.81,0.678,0.657,1.0,0.32,0.467,0,0,0,0.0228,none,,,,,,,,0,16,6.5
X6dC9pu5H3k,87,,0,6,6,3,3,0,0.0,1,0.326,0.808,0.651,0.502,1.0,0.423,0.591,0.797,0,0,0,0.024,none,,,,,,,,0,48,6.5
X6dC9pu5H3k,88,,0,8,7,5,5,0,0.0,1,0.296,0.802,0.653,0.471,1.0,0.423,0.537,0.819,0,0,0,0.0231,none,,,,,,,,0,48,6.5
X6dC9pu5H3k,89,,0,8,6,4,4,0,0.0,1,0.297,0.836,0.655,0.451,1.0,0.437,0.684,0.844,0,0,0,0.0223,none,,,,,,,,0,48,6.5
X6dC9pu5H3k,90,,0,6,6,3,3,0,0.0,1,0.294,0.827,0.655,0.437,1.0,0.434,0.783,0.878,0,0,0,0.0221,none,,,,,,,,0,48,6.5
X6dC9pu5H3k,125,,0,6,6,2,2,1,0.0,1,0.358,0.789,0.66,0.303,1.0,0.392,0.787,0.949,0,0,0,0.0239,none,,,,,,,,0,48,6.5
X6dC9pu5H3k,126,,0,6,6,2,2,0,0.0,1,0.346,0.819,0.66,0.286,1.0,0.525,0.72,0.966,0,0,0,0.0327,none,,,,,,,,0,48,6.5
X6dC9pu5H3k,130,,0,6,6,2,2,0,0.0,1,0.316,0.794,0.658,0.31,1.0,0.39,0.707,0.923,0,0,0,0.0232,none,,,,,,,,0,48,6.5
X6dC9pu5H3k,131,,0,6,6,3,3,0,0.0,1,0.282,0.783,0.656,0.268,1.0,0.429,0.48,0.858,0,0,0,0.0224,none,,,,,,,,0,48,6.5
CFjNxCZhn_8,100,,0,16,9,2,0,2,0.0,1,0.739,0.727,0.793,0.217,0.122,1.0,0.637,0.0,0,1,0,0.0066,none,,,,,,,,0,15,6.495
X6dC9pu5H3k,132,,0,6,6,4,4,0,0.0,1,0.286,0.755,0.652,0.245,1.0,0.397,0.6,0.788,0,0,0,0.0197,none,,,,,,,,0,48,6.478
Fz16t9SrF3U,59,,0,6,6,0,4,0,0.0,1,0.847,0.889,0.326,0.226,0.886,1.0,0.487,0.0,0,1,0,0.0384,none,,,,,,,,0,3,6.45
LXjM7nBZcak,38,,0,9,6,0,3,1,0.0,1,0.753,0.8,0.735,0.544,0.161,0.433,0.573,0.0,0,1,0,0.0234,none,,,,,,,,0,3,6.45
LXjM7nBZcak,39,,0,9,7,1,2,3,0.0,1,0.816,0.811,0.817,0.509,0.206,0.444,0.666,0.281,0,1,0,0.0301,none,,,,,,,,0,3,6.45
hz-SpF35_BE,80,,0,5,4,3,3,0,0.0,1,0.73,0.628,0.398,0.541,1.0,0.293,0.524,0.0,0,1,0,0.0285,none,,,,,,,,0,4,6.433
X6dC9pu5H3k,114,,0,5,5,2,2,0,0.0,1,0.351,0.82,0.66,0.366,1.0,0.465,0.614,0.961,0,0,0,0.0267,none,,,,,,,,0,48,6.417
X6dC9pu5H3k,123,,0,6,5,2,2,1,0.0,1,0.341,0.771,0.659,0.298,1.0,0.469,0.787,0.978,0,0,0,0.0274,none,,,,,,,,0,48,6.417
CFjNxCZhn_8,98,,0,19,7,0,3,0,0.0,1,0.751,0.831,0.88,0.321,0.08,1.0,0.599,0.234,0,1,0,0.0051,none,,,,,,,,0,15,6.383
3R1kvNrGJK0,147,,0,5,5,1,0,1,0.0,1,0.852,0.823,0.873,0.667,0.606,1.0,0.29,0.0,0,1,1,0.0345,none,,,,,,,,0,3,6.367
ZS-wgeg2qkI,22,,0,10,10,9,5,0,0.0,1,0.625,0.804,0.781,0.492,0.013,0.343,0.94,0.779,1,0,0,0.0014,none,,,,,,,,0,5,6.355
ZS-wgeg2qkI,23,,0,11,10,8,4,0,0.0,1,0.611,0.781,0.785,0.496,0.012,0.331,0.935,0.783,1,0,0,0.0013,none,,,,,,,,0,5,6.348
ZS-wgeg2qkI,20,,0,10,10,9,4,0,0.0,1,0.783,0.802,0.774,0.493,0.011,0.344,0.908,0.539,1,0,0,0.0012,none,,,,,,,,0,5,6.34
ZS-wgeg2qkI,21,,0,10,10,9,4,0,0.0,1,0.769,0.797,0.775,0.493,0.012,0.331,0.953,0.694,1,0,0,0.0012,none,,,,,,,,0,5,6.34
5-jBTNp5IQA,93,,0,7,4,2,0,2,0.06,1,0.818,0.604,0.815,0.695,0.758,1.0,0.55,0.81,0,0,0,0.0239,none,,,,,,,,0,16,6.333
5-jBTNp5IQA,100,,0,6,4,1,0,1,0.0,1,0.779,0.647,0.825,0.505,0.504,1.0,0.502,0.707,0,0,0,0.0201,none,,,,,,,,0,16,6.333
N5zWQkoLM3M,100,,0,5,4,2,0,1,0.0,1,0.685,0.822,0.809,0.565,0.928,0.496,0.782,0.982,0,0,0,0.0249,none,,,,,,,,0,46,6.333
idueIYDAbZc,96,,0,7,4,1,2,1,0.0,1,0.568,0.389,0.546,0.501,0.659,1.0,0.332,0.332,0,0,0,0.0212,none,,,,,,,,0,23,6.333
X6dC9pu5H3k,113,,0,5,5,3,3,1,0.0,1,0.391,0.794,0.66,0.396,1.0,0.316,0.749,0.968,0,0,0,0.0186,none,,,,,,,,0,48,6.312
CFjNxCZhn_8,93,,0,12,10,1,2,1,0.0,1,0.844,0.798,0.987,0.51,0.129,1.0,0.515,0.0,0,1,0,0.0041,none,,,,,,,,0,15,6.308
6hrcRyIYTrA,35,,0,6,6,1,3,0,0.0,1,0.888,0.874,0.884,0.827,0.874,0.924,0.492,0.126,0,1,0,0.0424,none,,,,,,,,0,2,6.3
6hrcRyIYTrA,69,,0,10,7,4,4,0,0.057,1,0.674,0.547,0.251,0.294,1.0,0.289,0.579,0.0,0,1,0,0.0269,none,,,,,,,,0,2,6.3
LXjM7nBZcak,66,,0,12,8,0,0,2,0.0,1,0.411,0.497,0.574,0.451,1.0,0.752,0.736,0.0,0,1,0,0.2503,none,,,,,,,,0,2,6.3
idueIYDAbZc,126,,0,7,6,2,2,3,0.0,1,0.806,0.836,0.47,0.627,1.0,0.548,0.651,0.066,0,1,0,0.0301,none,,,,,,,,0,2,6.3
sYl2jCqsSKo,119,0.80,1,3,3,0,1,0,0.0,1,0.843,0.903,0.635,0.444,0.686,1.0,0.64,0.0,0,1,0,0.0153,ai_reviewed,,2,medium,,,0,0,0,6,6.297
CFjNxCZhn_8,140,,0,14,11,1,2,0,0.0,1,0.655,0.264,0.872,0.822,0.379,0.147,0.878,0.757,1,0,0,0.0024,none,,,,,,,,0,4,6.28
5-jBTNp5IQA,96,,0,3,3,1,0,1,0.0,1,0.8,0.617,0.815,0.674,0.582,1.0,0.351,0.769,0,0,0,0.0218,none,,,,,,,,0,16,6.25
N5zWQkoLM3M,88,,0,3,3,0,1,2,0.0,1,0.831,0.746,0.79,0.542,0.903,0.584,0.736,0.889,0,0,0,0.031,none,,,,,,,,0,46,6.25
N5zWQkoLM3M,90,,0,8,3,2,1,0,0.0,1,0.808,0.836,0.794,0.571,0.763,0.554,0.74,0.867,0,0,0,0.0277,none,,,,,,,,0,46,6.25
N5zWQkoLM3M,107,,0,7,3,1,0,2,0.0,1,0.763,0.869,0.811,0.548,0.803,0.585,0.709,0.976,0,0,0,0.036,none,,,,,,,,0,46,6.25
N5zWQkoLM3M,108,,0,7,3,0,0,1,0.0,1,0.766,0.885,0.809,0.553,1.0,0.898,0.787,0.97,0,0,0,0.0454,none,,,,,,,,0,46,6.25
N5zWQkoLM3M,109,,0,5,3,2,0,1,0.0,1,0.738,0.846,0.807,0.571,0.846,0.508,0.635,0.957,0,0,0,0.0291,none,,,,,,,,0,46,6.25
N5zWQkoLM3M,130,,0,3,3,2,2,1,0.0,1,0.739,0.787,0.815,0.557,1.0,0.408,0.71,0.747,0,0,0,0.0219,none,,,,,,,,0,46,6.25
idueIYDAbZc,76,,0,4,3,0,1,0,0.0,1,0.888,0.658,0.622,0.553,0.582,1.0,0.66,0.465,0,0,0,0.0386,none,,,,,,,,0,23,6.25
idueIYDAbZc,77,,0,4,3,0,1,0,0.0,1,0.819,0.676,0.649,0.525,0.663,1.0,0.594,0.413,0,0,0,0.0415,none,,,,,,,,0,23,6.25
idueIYDAbZc,79,,0,3,3,2,1,2,0.0,1,0.795,0.669,0.641,0.505,0.684,1.0,0.621,0.501,0,0,0,0.0411,none,,,,,,,,0,23,6.25
idueIYDAbZc,81,,0,3,3,0,0,2,0.0,1,0.833,0.561,0.622,0.458,1.0,0.98,0.556,0.614,0,0,0,0.0456,none,,,,,,,,0,23,6.25
idueIYDAbZc,82,,0,3,3,2,0,2,0.0,1,0.826,0.597,0.617,0.481,0.843,1.0,0.726,0.94,0,0,0,0.0448,none,,,,,,,,0,23,6.25
idueIYDAbZc,88,,0,3,3,2,0,2,0.0,1,0.81,0.508,0.551,0.463,0.605,1.0,0.748,0.868,0,0,0,0.0301,none,,,,,,,,0,23,6.25
idueIYDAbZc,93,,0,3,3,2,1,2,0.0,1,0.567,0.479,0.536,0.464,0.869,1.0,0.753,0.717,0,0,0,0.0295,none,,,,,,,,0,23,6.25
idueIYDAbZc,97,,0,3,3,1,2,1,0.0,1,0.738,0.432,0.559,0.471,0.509,1.0,0.415,0.573,0,0,0,0.0281,none,,,,,,,,0,23,6.25
5-jBTNp5IQA,95,,0,5,5,2,0,2,0.0,1,0.803,0.632,0.804,0.699,0.553,1.0,0.386,0.829,0,0,0,0.0177,none,,,,,,,,0,16,6.244
X6dC9pu5H3k,57,,0,8,7,0,2,0,0.0,1,0.778,0.81,0.829,0.316,0.454,1.0,0.755,0.932,0,0,0,0.0165,none,,,,,,,,0,11,6.237
X6dC9pu5H3k,55,,0,7,7,6,2,0,0.0,1,0.762,0.769,0.824,0.369,0.469,0.908,0.577,0.889,0,0,0,0.0164,none,,,,,,,,0,11,6.23
5-jBTNp5IQA,97,,0,4,3,0,1,0,0.0,1,0.795,0.648,0.827,0.64,0.481,1.0,0.41,0.785,0,0,0,0.0197,none,,,,,,,,0,16,6.228
g_wHimPF9o8,149,,0,11,8,0,1,2,0.038,1,0.869,0.779,0.901,0.956,0.937,0.767,0.896,0.886,1,0,0,0.0055,none,,,,,,,,0,2,6.212
Fz16t9SrF3U,102,,0,6,6,0,1,2,0.0,1,0.877,0.802,0.761,0.592,0.935,0.734,0.657,0.906,0,0,0,0.0565,none,,,,,,,,0,8,6.2
X6dC9pu5H3k,60,,0,7,7,6,2,0,0.0,1,0.793,0.759,0.834,0.294,0.451,0.714,0.78,0.933,0,0,0,0.0159,none,,,,,,,,0,11,6.192
Atzrde5uGcM,138,,0,14,14,0,1,0,0.0,1,0.832,0.697,0.63,0.585,0.86,1.0,0.624,0.844,0,0,0,0.0158,none,,,,,,,,0,13,6.185
Zp9aDp2YTBw,17,,0,2,2,0,1,0,0.0,1,0.858,0.832,0.949,0.582,0.412,1.0,0.712,0.948,0,0,0,0.021,none,,,,,,,,0,26,6.167
Zp9aDp2YTBw,18,,0,2,2,1,0,1,0.0,1,0.862,0.836,0.946,0.554,0.519,1.0,0.677,0.945,0,0,0,0.0215,none,,,,,,,,0,26,6.167
Zp9aDp2YTBw,19,,0,2,2,0,1,0,0.0,1,0.876,0.836,0.946,0.539,0.455,1.0,0.788,0.967,0,0,0,0.0216,none,,,,,,,,0,26,6.167
Zp9aDp2YTBw,20,,0,2,2,0,1,0,0.0,1,0.885,0.841,0.947,0.515,0.343,1.0,0.749,0.969,0,0,0,0.0216,none,,,,,,,,0,26,6.167
Zp9aDp2YTBw,36,,0,2,2,0,1,0,0.0,1,0.883,0.834,0.928,0.446,0.409,1.0,0.626,0.714,0,0,0,0.0244,none,,,,,,,,0,26,6.167
Zp9aDp2YTBw,37,,0,2,2,0,1,0,0.0,1,0.89,0.888,0.923,0.434,0.291,1.0,0.715,0.667,0,0,0,0.024,none,,,,,,,,0,26,6.167
Zp9aDp2YTBw,38,,0,2,2,0,1,0,0.0,1,0.892,0.825,0.909,0.359,0.308,1.0,0.518,0.487,0,0,0,0.0234,none,,,,,,,,0,26,6.167
Zp9aDp2YTBw,39,,0,2,2,0,1,0,0.0,1,0.885,0.832,0.884,0.301,0.277,1.0,0.578,0.399,0,0,0,0.0232,none,,,,,,,,0,26,6.167
bh6Cvz2orzQ,49,,0,3,2,1,1,0,0.0,1,0.563,0.842,0.708,0.647,1.0,0.218,0.629,0.895,0,0,0,0.1166,none,,,,,,,,0,21,6.167
bh6Cvz2orzQ,63,,0,2,2,0,0,1,0.0,1,0.61,0.818,0.758,0.577,1.0,0.413,0.732,0.952,0,0,0,0.2086,none,,,,,,,,0,21,6.167
bh6Cvz2orzQ,64,,0,2,2,0,0,1,0.0,1,0.626,0.783,0.725,0.616,1.0,0.316,0.707,0.903,0,0,0,0.1643,none,,,,,,,,0,21,6.167
bh6Cvz2orzQ,67,,0,2,2,0,0,1,0.0,1,0.628,0.819,0.631,0.712,1.0,0.296,0.79,0.897,0,0,0,0.156,none,,,,,,,,0,21,6.167
X6dC9pu5H3k,56,,0,7,7,0,2,0,0.0,1,0.784,0.809,0.828,0.335,0.441,1.0,0.611,0.903,0,0,0,0.0155,none,,,,,,,,0,11,6.162
X6dC9pu5H3k,58,,0,8,7,6,2,0,0.0,1,0.785,0.808,0.834,0.307,0.447,0.778,0.711,0.878,0,0,0,0.0155,none,,,,,,,,0,11,6.162
CFjNxCZhn_8,103,,0,17,9,0,1,4,0.0,1,0.769,0.682,0.747,0.867,0.198,0.08,0.0,0.0,0,1,1,0.0021,none,,,,,,,,0,15,6.157
6hrcRyIYTrA,50,,0,8,6,0,1,0,0.0,1,0.92,0.895,0.891,0.73,0.709,1.0,0.745,0.0,0,1,0,0.0538,none,,,,,,,,0,1,6.15
6hrcRyIYTrA,52,,0,12,6,0,1,0,0.032,1,0.904,0.852,0.812,0.722,0.76,1.0,0.792,0.024,0,1,0,0.058,none,,,,,,,,0,1,6.15
CFjNxCZhn_8,99,,0,21,10,0,2,0,0.0,1,0.69,0.776,0.898,0.261,0.029,1.0,0.584,0.189,0,1,0,0.0019,none,,,,,,,,0,15,6.143
CFjNxCZhn_8,102,,0,16,10,0,6,0,0.0,1,0.712,0.713,0.817,0.174,0.055,1.0,0.724,0.173,0,1,0,0.0018,none,,,,,,,,0,15,6.135
5-jBTNp5IQA,94,,0,6,6,2,0,2,0.0,1,0.783,0.61,0.798,0.705,0.488,1.0,0.417,0.63,0,0,0,0.0151,none,,,,,,,,0,16,6.133
Atzrde5uGcM,140,,0,15,12,0,0,1,0.0,1,0.787,0.677,0.602,0.598,1.0,0.889,0.628,0.629,0,0,0,0.0151,none,,,,,,,,0,13,6.133
Fz16t9SrF3U,98,,0,5,5,1,2,0,0.0,1,0.898,0.809,0.727,0.795,0.876,0.628,0.634,0.928,0,0,0,0.0503,none,,,,,,,,0,8,6.117
Fz16t9SrF3U,99,,0,5,5,1,2,0,0.0,1,0.899,0.791,0.728,0.743,0.844,0.51,0.594,0.982,0,0,0,0.0419,none,,,,,,,,0,8,6.117
Fz16t9SrF3U,100,,0,5,5,0,1,2,0.0,1,0.897,0.866,0.738,0.674,0.825,0.385,0.419,0.907,0,0,0,0.0316,none,,,,,,,,0,8,6.117
Fz16t9SrF3U,101,,0,5,5,1,0,2,0.0,1,0.897,0.821,0.75,0.639,0.866,0.569,0.668,0.891,0,0,0,0.0451,none,,,,,,,,0,8,6.117
Fz16t9SrF3U,103,,0,6,5,2,2,1,0.0,1,0.878,0.816,0.775,0.552,1.0,0.667,0.695,0.884,0,0,0,0.0534,none,,,,,,,,0,8,6.117
X6dC9pu5H3k,54,,0,7,7,0,2,0,0.0,1,0.771,0.78,0.821,0.405,0.366,1.0,0.682,0.911,0,0,0,0.0149,none,,,,,,,,0,11,6.117
CFjNxCZhn_8,101,,0,17,11,0,3,0,0.0,1,0.688,0.713,0.84,0.196,0.033,1.0,0.706,0.043,0,1,0,0.0015,none,,,,,,,,0,15,6.112
Atzrde5uGcM,143,,0,15,13,1,1,0,0.0,1,0.868,0.778,0.589,0.611,1.0,0.822,0.733,0.7,0,0,0,0.0142,none,,,,,,,,0,13,6.065
IeDin6oB-IY,74,,0,10,7,0,0,3,0.0,1,0.768,0.765,0.783,0.964,1.0,0.241,0.745,0.885,0,0,0,0.0209,none,,,,,,,,0,7,6.05
5-jBTNp5IQA,104,,0,8,6,1,0,1,0.0,1,0.836,0.567,0.783,0.328,0.369,1.0,0.71,0.676,0,0,0,0.0132,none,,,,,,,,0,16,5.99
X6dC9pu5H3k,52,,0,7,7,0,1,0,0.0,1,0.768,0.821,0.816,0.445,0.348,1.0,0.73,0.891,0,0,0,0.0131,none,,,,,,,,0,11,5.982
IeDin6oB-IY,77,,0,8,7,0,0,5,0.19,1,0.719,0.58,0.907,0.982,1.0,0.219,0.698,0.723,0,0,0,0.019,none,,,,,,,,0,7,5.975
C7icGyrdROM,32,,0,3,2,1,0,1,0.0,1,0.755,0.56,0.889,0.751,0.667,1.0,0.464,0.095,0,1,0,0.0692,none,,,,,,,,0,2,5.967
Atzrde5uGcM,146,,0,17,13,0,1,2,0.0,1,0.835,0.666,0.584,0.586,0.91,0.609,0.708,0.864,0,0,0,0.0127,none,,,,,,,,0,13,5.952
5-jBTNp5IQA,99,,0,5,4,1,0,1,0.0,1,0.753,0.621,0.824,0.557,0.388,1.0,0.503,0.704,0,0,0,0.0149,none,,,,,,,,0,16,5.951
sYl2jCqsSKo,81,,0,3,3,0,0,2,0.0,1,0.905,0.787,0.817,0.745,1.0,0.806,0.741,0.701,0,0,0,0.0224,none,,,,,,,,0,8,5.95
Atzrde5uGcM,142,,0,13,13,1,1,0,0.0,1,0.844,0.763,0.59,0.605,1.0,0.711,0.675,0.627,0,0,0,0.0121,none,,,,,,,,0,13,5.907
idueIYDAbZc,112,,0,6,6,1,1,2,0.0,1,0.802,0.735,0.481,0.634,1.0,0.574,0.728,0.725,0,0,0,0.0312,none,,,,,,,,0,6,5.9
sYl2jCqsSKo,78,,0,4,3,0,0,1,0.0,1,0.888,0.808,0.711,0.752,1.0,0.695,0.59,0.588,0,0,0,0.0193,none,,,,,,,,0,8,5.898
ZS-wgeg2qkI,9,,0,11,10,9,6,0,0.0,1,0.724,0.769,0.747,0.499,0.008,0.244,0.861,0.378,1,0,0,0.001,none,,,,,,,,0,2,5.875
ZS-wgeg2qkI,101,,0,10,10,9,4,0,0.0,1,0.692,0.794,0.791,0.466,0.007,0.326,0.996,0.959,1,0,0,0.0009,none,,,,,,,,0,2,5.867
Zp9aDp2YTBw,65,,0,2,2,0,0,1,0.0,1,0.823,0.883,0.75,0.808,1.0,0.413,0.713,0.756,0,0,0,0.0561,none,,,,,,,,0,8,5.867
Zp9aDp2YTBw,66,,0,2,2,0,0,1,0.0,1,0.863,0.837,0.803,0.811,1.0,0.34,0.661,0.718,0,0,0,0.0444,none,,,,,,,,0,8,5.867
Zp9aDp2YTBw,67,,0,2,2,0,0,1,0.0,1,0.857,0.838,0.845,0.834,1.0,0.366,0.716,0.769,0,0,0,0.0439,none,,,,,,,,0,8,5.867
Zp9aDp2YTBw,68,,0,2,2,0,0,1,0.0,1,0.876,0.82,0.887,0.845,1.0,0.558,0.709,0.746,0,0,0,0.0587,none,,,,,,,,0,8,5.867
Zp9aDp2YTBw,69,,0,2,2,0,0,1,0.077,1,0.883,0.841,0.914,0.863,1.0,0.796,0.766,0.795,0,0,0,0.0721,none,,,,,,,,0,8,5.867
Zp9aDp2YTBw,71,,0,2,2,0,0,1,0.102,1,0.861,0.812,0.885,0.897,1.0,0.953,0.722,0.832,0,0,0,0.0745,none,,,,,,,,0,8,5.867
5-jBTNp5IQA,98,,0,5,5,0,1,0,0.0,1,0.804,0.649,0.811,0.594,0.326,1.0,0.46,0.574,0,0,0,0.0125,none,,,,,,,,0,16,5.854
Atzrde5uGcM,141,,0,16,13,0,0,1,0.0,1,0.783,0.494,0.595,0.591,1.0,0.655,0.751,0.769,0,0,0,0.0113,none,,,,,,,,0,13,5.848
Atzrde5uGcM,147,,0,17,14,1,0,3,0.0,1,0.845,0.745,0.592,0.571,0.827,0.507,0.74,0.866,0,0,0,0.0112,none,,,,,,,,0,13,5.84
Atzrde5uGcM,149,,0,15,13,0,1,2,0.0,1,0.849,0.747,0.604,0.568,0.79,0.511,0.784,0.909,0,0,0,0.011,none,,,,,,,,0,13,5.825
g_wHimPF9o8,102,,0,9,7,0,0,5,0.0,1,0.805,0.607,0.766,0.85,1.0,0.797,0.503,0.0,0,1,0,0.0156,none,,,,,,,,0,1,5.82
6hrcRyIYTrA,139,,0,3,2,0,1,0,0.025,1,0.822,0.646,0.6,0.36,0.236,1.0,0.674,0.188,0,1,0,0.0429,none,,,,,,,,0,1,5.817
idueIYDAbZc,102,,0,5,5,0,3,2,0.006,1,0.726,0.844,0.581,0.658,0.978,0.592,0.705,0.834,0,0,0,0.0305,none,,,,,,,,0,6,5.817
idueIYDAbZc,103,,0,5,5,3,3,2,0.031,1,0.734,0.829,0.548,0.636,1.0,0.506,0.477,0.577,0,0,0,0.0299,none,,,,,,,,0,6,5.817
idueIYDAbZc,106,,0,5,5,1,1,0,0.09,1,0.781,0.873,0.54,0.639,1.0,0.609,0.703,0.74,0,0,0,0.037,none,,,,,,,,0,6,5.817
idueIYDAbZc,111,,0,8,5,2,2,3,0.034,1,0.785,0.827,0.506,0.635,1.0,0.543,0.711,0.799,0,0,0,0.0324,none,,,,,,,,0,6,5.817
5-jBTNp5IQA,103,,0,9,4,1,0,1,0.0,1,0.804,0.605,0.801,0.357,0.349,1.0,0.629,0.761,0,0,0,0.013,none,,,,,,,,0,16,5.808
IeDin6oB-IY,75,0.50,1,9,7,0,0,4,0.014,1,0.792,0.715,0.808,0.963,1.0,0.18,0.799,0.812,0,0,0,0.0167,labels.json,4,4,high,0,1,0,1,0,7,5.803
5-jBTNp5IQA,106,,0,11,6,1,0,1,0.0,1,0.792,0.563,0.767,0.26,0.313,1.0,0.666,0.96,0,0,0,0.0105,none,,,,,,,,0,16,5.787
5-jBTNp5IQA,73,,0,11,6,0,2,0,0.0,1,0.791,0.771,0.878,0.662,0.724,1.0,0.702,0.696,0,0,0,0.0163,none,,,,,,,,0,7,5.772
5-jBTNp5IQA,105,,0,10,7,0,1,0,0.0,1,0.786,0.557,0.767,0.293,0.29,1.0,0.659,0.687,0,0,0,0.0101,none,,,,,,,,0,16,5.758
3R1kvNrGJK0,35,,0,10,9,0,0,1,0.0,1,0.842,0.774,0.631,0.885,1.0,0.318,0.679,0.904,0,0,0,0.0219,none,,,,,,,,0,5,5.75
3R1kvNrGJK0,36,,0,11,10,0,0,1,0.0,1,0.819,0.78,0.642,0.904,1.0,0.316,0.754,0.844,0,0,0,0.0209,none,,,,,,,,0,5,5.75
3R1kvNrGJK0,37,,0,11,9,0,0,1,0.0,1,0.831,0.819,0.67,0.951,1.0,0.37,0.433,0.729,0,0,0,0.0248,none,,,,,,,,0,5,5.75
3R1kvNrGJK0,38,,0,11,9,0,0,1,0.0,1,0.853,0.793,0.687,0.968,1.0,0.382,0.672,0.806,0,0,0,0.0269,none,,,,,,,,0,5,5.75
sYl2jCqsSKo,77,,0,4,3,0,0,1,0.0,1,0.888,0.739,0.666,0.782,1.0,0.638,0.711,0.55,0,0,0,0.0172,none,,,,,,,,0,8,5.74
CFjNxCZhn_8,113,,0,13,9,2,1,3,0.0,1,0.695,0.64,0.732,0.801,0.164,0.076,0.487,0.0,0,1,0,0.0025,none,,,,,,,,0,7,5.737
sYl2jCqsSKo,97,,0,4,4,3,0,1,0.0,1,0.883,0.887,0.82,0.627,0.053,0.073,0.673,0.0,0,1,0,0.0127,none,,,,,,,,0,3,5.736
Atzrde5uGcM,148,,0,16,14,0,1,2,0.0,1,0.83,0.623,0.6,0.563,0.781,0.448,0.784,0.871,0,0,0,0.0098,none,,,,,,,,0,13,5.735
idueIYDAbZc,115,,0,9,4,1,1,2,0.021,1,0.79,0.751,0.465,0.608,1.0,0.583,0.743,0.831,0,0,0,0.033,none,,,,,,,,0,6,5.733
5-jBTNp5IQA,72,,0,9,6,3,1,0,0.0,1,0.75,0.744,0.892,0.671,0.608,0.774,0.658,0.756,0,0,0,0.0157,none,,,,,,,,0,7,5.727
5-jBTNp5IQA,71,,0,8,6,1,1,0,0.0,1,0.717,0.713,0.888,0.684,1.0,0.999,0.424,0.859,0,0,0,0.0156,none,,,,,,,,0,7,5.72
CFjNxCZhn_8,111,,0,18,9,5,3,4,0.0,1,0.738,0.72,0.841,0.822,0.085,0.062,0.452,0.0,0,1,0,0.0021,none,,,,,,,,0,7,5.707
5-jBTNp5IQA,101,,0,8,3,1,0,1,0.0,1,0.791,0.617,0.809,0.45,0.338,1.0,0.426,0.595,0,0,0,0.0127,none,,,,,,,,0,16,5.702
5-jBTNp5IQA,70,,0,11,5,3,0,3,0.0,1,0.653,0.715,0.894,0.728,0.896,1.0,0.505,0.878,0,0,0,0.0164,none,,,,,,,,0,7,5.697
5-jBTNp5IQA,102,,0,7,4,1,0,1,0.0,1,0.817,0.626,0.81,0.398,0.296,1.0,0.543,0.818,0,0,0,0.0113,none,,,,,,,,0,16,5.681
Fz16t9SrF3U,44,,0,5,5,1,0,1,0.0,1,0.896,0.879,0.884,0.673,0.945,1.0,0.586,0.495,0,0,0,0.0444,none,,,,,,,,0,5,5.667
Fz16t9SrF3U,45,,0,5,5,1,0,1,0.0,1,0.892,0.864,0.938,0.62,0.935,1.0,0.571,0.487,0,0,0,0.0445,none,,,,,,,,0,5,5.667
Fz16t9SrF3U,46,,0,5,5,1,0,1,0.0,1,0.87,0.843,0.961,0.569,0.945,1.0,0.58,0.483,0,0,0,0.0434,none,,,,,,,,0,5,5.667
idueIYDAbZc,72,,0,10,5,3,3,2,0.0,1,0.689,0.858,0.624,0.661,1.0,0.447,0.619,0.681,0,0,0,0.038,none,,,,,,,,0,5,5.667
CFjNxCZhn_8,109,,0,15,8,0,3,6,0.0,1,0.713,0.5,0.717,0.835,0.162,0.054,0.172,0.0,0,1,1,0.0015,none,,,,,,,,0,7,5.662
CFjNxCZhn_8,114,,0,12,7,0,4,6,0.0,1,0.632,0.487,0.84,0.778,0.039,0.053,0.307,0.0,0,1,0,0.0015,none,,,,,,,,0,7,5.662
CFjNxCZhn_8,108,,0,16,8,1,4,6,0.0,1,0.571,0.435,0.819,0.838,0.096,0.046,0.393,0.0,0,1,0,0.0014,none,,,,,,,,0,7,5.655
CFjNxCZhn_8,10,,0,13,7,2,0,2,0.0,1,0.788,0.74,0.711,0.628,0.968,1.0,0.671,0.668,0,0,0,0.0267,none,,,,,,,,0,4,5.6
Fz16t9SrF3U,47,,0,5,4,1,0,1,0.0,1,0.877,0.84,0.922,0.514,0.916,1.0,0.565,0.488,0,0,0,0.0429,none,,,,,,,,0,5,5.583
idueIYDAbZc,70,,0,4,4,3,3,2,0.0,1,0.701,0.849,0.636,0.715,1.0,0.521,0.644,0.646,0,0,0,0.0391,none,,,,,,,,0,5,5.583
idueIYDAbZc,71,,0,5,4,3,3,1,0.0,1,0.697,0.843,0.663,0.663,1.0,0.549,0.493,0.48,0,0,0,0.0397,none,,,,,,,,0,5,5.583
idueIYDAbZc,73,,0,6,4,3,3,2,0.0,1,0.842,0.855,0.631,0.609,1.0,0.439,0.564,0.765,0,0,0,0.0378,none,,,,,,,,0,5,5.583
sYl2jCqsSKo,120,,0,2,2,0,1,0,0.0,1,0.853,0.9,0.613,0.405,0.901,1.0,0.545,0.718,0,0,0,0.0193,none,,,,,,,,0,6,5.514
5-jBTNp5IQA,67,,0,14,7,0,2,0,0.0,1,0.805,0.727,0.879,0.82,0.765,1.0,0.458,0.0,0,1,0,0.0114,none,,,,,,,,0,1,5.505
Fz16t9SrF3U,60,,0,7,7,4,4,0,0.0,1,0.835,0.891,0.387,0.188,1.0,0.841,0.585,0.448,0,0,0,0.0314,none,,,,,,,,0,3,5.45
Fz16t9SrF3U,87,,0,7,6,0,0,2,0.0,1,0.87,0.723,0.547,0.859,1.0,0.475,0.687,0.962,0,0,0,0.0335,none,,,,,,,,0,3,5.45
LXjM7nBZcak,40,,0,15,8,0,2,3,0.0,1,0.841,0.806,0.897,0.474,0.238,0.441,0.69,0.373,0,0,0,0.035,none,,,,,,,,0,3,5.45
6hrcRyIYTrA,93,,0,9,7,0,4,1,0.0,1,0.815,0.807,0.872,0.625,0.029,0.45,0.735,0.0,0,1,0,0.0065,none,,,,,,,,0,3,5.438
6hrcRyIYTrA,94,,0,8,7,0,4,1,0.0,1,0.818,0.839,0.906,0.639,0.034,0.388,0.728,0.0,0,1,0,0.0065,none,,,,,,,,0,3,5.438
CFjNxCZhn_8,91,,0,15,9,0,1,2,0.0,1,0.817,0.798,0.981,0.555,0.222,0.969,0.68,0.829,0,0,0,0.0057,none,,,,,,,,0,15,5.428
6hrcRyIYTrA,95,,0,9,8,0,5,6,0.0,1,0.816,0.731,0.897,0.604,0.033,0.415,0.655,0.0,0,1,0,0.0063,none,,,,,,,,0,3,5.423
5-jBTNp5IQA,75,0.50,1,9,5,0,1,0,0.0,1,0.633,0.688,0.859,0.585,0.699,1.0,0.653,0.526,0,0,0,0.0127,labels.json,0,0,medium,0,1,0,1,0,7,5.419
5-jBTNp5IQA,74,,0,6,4,0,1,0,0.0,1,0.648,0.728,0.885,0.614,0.616,1.0,0.56,0.817,0,0,0,0.0137,none,,,,,,,,0,7,5.411
sYl2jCqsSKo,121,,0,2,2,0,1,0,0.0,1,0.805,0.914,0.592,0.378,0.932,1.0,0.647,0.754,0,0,0,0.0179,none,,,,,,,,0,6,5.409
CFjNxCZhn_8,146,,0,15,7,0,0,1,0.0,1,0.689,0.762,0.651,0.833,1.0,0.439,0.462,0.0,0,1,0,0.0079,none,,,,,,,,0,2,5.393
g_wHimPF9o8,100,,0,8,4,0,0,1,0.0,1,0.801,0.626,0.75,0.897,1.0,0.771,0.383,0.0,0,1,0,0.012,none,,,,,,,,0,1,5.383
sYl2jCqsSKo,122,,0,2,2,0,1,0,0.0,1,0.851,0.916,0.577,0.359,0.971,1.0,0.728,0.81,0,0,0,0.0174,none,,,,,,,,0,6,5.372
LXjM7nBZcak,51,,0,11,5,2,2,3,0.322,0,0.518,0.44,0.48,0.571,1.0,0.882,0.972,0.0,1,1,0,0.1384,none,,,,,,,,0,3,5.367
CFjNxCZhn_8,97,,0,19,9,0,1,0,0.0,1,0.848,0.807,0.919,0.372,0.08,1.0,0.649,0.366,0,0,0,0.0048,none,,,,,,,,0,15,5.36
CFjNxCZhn_8,96,,0,15,10,0,1,0,0.0,1,0.843,0.82,0.946,0.415,0.083,1.0,0.651,0.478,0,0,0,0.0045,none,,,,,,,,0,15,5.338
CFjNxCZhn_8,94,,0,15,10,0,2,0,0.0,1,0.845,0.842,0.977,0.477,0.125,1.0,0.607,0.611,0,0,0,0.0044,none,,,,,,,,0,15,5.33
CFjNxCZhn_8,95,,0,17,10,0,1,0,0.0,1,0.858,0.843,0.963,0.447,0.093,1.0,0.687,0.52,0,0,0,0.0042,none,,,,,,,,0,15,5.315
6hrcRyIYTrA,68,,0,6,5,0,3,0,0.0,1,0.72,0.499,0.543,0.339,0.283,1.0,0.281,0.0,0,1,1,0.0079,none,,,,,,,,0,2,5.309
5-jBTNp5IQA,120,,0,17,9,0,1,2,0.127,1,0.722,0.461,0.744,0.705,0.14,0.178,0.647,0.296,0,1,0,0.0027,none,,,,,,,,0,4,5.303
LXjM7nBZcak,67,,0,13,7,1,1,0,0.0,1,0.417,0.517,0.68,0.425,1.0,0.609,0.793,0.709,0,0,0,0.252,none,,,,,,,,0,2,5.3
CFjNxCZhn_8,138,,0,13,8,0,0,2,0.0,1,0.739,0.395,0.405,0.827,1.0,0.105,0.499,0.0,0,1,0,0.0025,none,,,,,,,,0,4,5.287
hz-SpF35_BE,81,,0,4,2,1,1,0,0.0,1,0.728,0.676,0.399,0.568,1.0,0.411,0.674,0.983,0,0,0,0.0396,none,,,,,,,,0,4,5.267
g_wHimPF9o8,93,,0,7,7,1,1,4,0.0,1,0.846,0.597,0.604,0.87,1.0,0.675,0.696,0.0,0,1,0,0.008,none,,,,,,,,0,1,5.25
6hrcRyIYTrA,36,,0,6,5,0,2,0,0.038,1,0.878,0.861,0.879,0.777,0.745,1.0,0.591,0.359,0,0,0,0.0392,none,,,,,,,,0,2,5.217
LXjM7nBZcak,12,,0,10,4,3,0,3,0.0,1,0.824,0.568,0.771,0.55,0.134,1.0,0.29,0.0,0,1,1,0.0053,none,,,,,,,,0,3,5.181
LXjM7nBZcak,13,,0,10,4,1,2,1,0.0,1,0.836,0.787,0.833,0.462,0.097,1.0,0.338,0.0,0,1,0,0.005,none,,,,,,,,0,3,5.158
LXjM7nBZcak,14,,0,5,4,0,1,0,0.0,1,0.828,0.765,0.809,0.346,0.106,1.0,0.273,0.0,0,1,1,0.005,none,,,,,,,,0,3,5.158
5-jBTNp5IQA,132,,0,16,10,2,0,3,0.0,1,0.667,0.636,0.835,0.723,0.151,0.153,0.643,0.0,0,1,0,0.0037,none,,,,,,,,0,2,5.077
CFjNxCZhn_8,120,,0,13,7,0,0,1,0.0,1,0.723,0.349,0.208,0.728,1.0,0.214,0.661,0.0,0,1,0,0.0055,none,,,,,,,,0,1,5.062
CFjNxCZhn_8,133,,0,15,10,1,0,2,0.0,1,0.662,0.335,0.683,0.831,0.354,0.495,0.68,0.0,0,1,0,0.0046,none,,,,,,,,0,1,4.995
5-jBTNp5IQA,126,,0,13,7,0,2,1,0.0,1,0.513,0.615,0.782,0.675,0.168,0.221,0.796,0.0,0,1,0,0.004,none,,,,,,,,0,1,4.95
5-jBTNp5IQA,130,,0,16,10,2,0,3,0.0,1,0.668,0.72,0.83,0.712,0.183,0.293,0.744,0.0,0,1,0,0.0037,none,,,,,,,,0,1,4.928
LXjM7nBZcak,17,,0,8,5,2,0,1,0.0,1,0.814,0.62,0.498,0.739,0.952,0.707,0.023,0.0,0,1,1,0.0048,none,,,,,,,,0,1,4.927
CFjNxCZhn_8,122,,0,15,8,0,0,5,0.0,1,0.816,0.406,0.232,0.731,1.0,0.156,0.7,0.0,0,1,0,0.0036,none,,,,,,,,0,1,4.92
CFjNxCZhn_8,118,,0,16,9,1,0,6,0.0,1,0.701,0.245,0.525,0.722,0.26,0.169,0.588,0.0,0,1,0,0.0031,none,,,,,,,,0,1,4.883
5-jBTNp5IQA,111,,0,15,8,0,3,1,0.0,1,0.353,0.413,0.776,0.639,0.17,0.122,0.532,0.0,0,1,0,0.0025,none,,,,,,,,0,1,4.838
5-jBTNp5IQA,146,,0,19,6,0,4,1,0.1,1,0.622,0.564,0.787,0.814,0.125,0.129,0.754,0.074,0,1,0,0.0025,none,,,,,,,,0,1,4.838
CFjNxCZhn_8,106,,0,18,9,0,2,3,0.0,1,0.784,0.647,0.716,0.851,0.19,0.076,0.25,0.0,0,1,1,0.0018,none,,,,,,,,0,1,4.785
CFjNxCZhn_8,128,,0,15,10,0,8,6,0.0,1,0.554,0.552,0.872,0.819,0.051,0.135,0.581,0.0,0,1,0,0.0013,none,,,,,,,,0,1,4.748
ZS-wgeg2qkI,149,,0,11,9,0,6,1,0.0,1,0.646,0.726,0.744,0.513,0.039,0.248,0.706,0.0,0,1,0,0.0012,none,,,,,,,,0,1,4.74
ZS-wgeg2qkI,146,,0,9,8,1,6,0,0.0,1,0.681,0.741,0.743,0.523,0.033,0.306,0.785,0.0,0,1,0,0.0009,none,,,,,,,,0,1,4.717
CFjNxCZhn_8,112,,0,18,10,1,3,4,0.0,1,0.689,0.61,0.846,0.809,0.087,0.057,0.387,0.478,0,0,0,0.0022,none,,,,,,,,0,7,4.715
CFjNxCZhn_8,110,,0,15,9,1,0,6,0.0,1,0.859,0.699,0.72,0.83,0.282,0.069,0.375,0.652,0,0,0,0.0017,none,,,,,,,,0,7,4.678
IYFifBJ9lH8,80,,0,2,2,1,0,1,0.0,1,0.85,0.697,0.744,0.536,0.971,1.0,0.709,0.729,0,0,0,0.014,none,,,,,,,,0,3,4.667
IYFifBJ9lH8,79,,0,2,2,1,0,1,0.0,1,0.818,0.563,0.76,0.548,0.727,1.0,0.762,0.773,0,0,0,0.0136,none,,,,,,,,0,3,4.637
LXjM7nBZcak,49,,0,11,7,2,2,1,0.329,0,0.511,0.454,0.485,0.576,1.0,0.885,0.975,0.336,1,0,0,0.1414,none,,,,,,,,0,3,4.45
5-jBTNp5IQA,121,,0,17,10,0,1,2,0.057,1,0.616,0.509,0.746,0.7,0.143,0.18,0.796,0.85,0,0,0,0.0027,none,,,,,,,,0,4,4.303
5-jBTNp5IQA,122,,0,18,7,0,1,6,0.0,1,0.75,0.445,0.751,0.684,0.134,0.158,0.583,0.763,0,0,0,0.0026,none,,,,,,,,0,4,4.295
5-jBTNp5IQA,123,,0,18,8,0,1,3,0.0,1,0.744,0.56,0.756,0.68,0.134,0.176,0.657,0.784,0,0,0,0.0026,none,,,,,,,,0,4,4.295
CFjNxCZhn_8,141,,0,13,9,0,5,3,0.0,1,0.646,0.527,0.898,0.83,0.324,0.133,0.676,0.421,0,0,0,0.0023,none,,,,,,,,0,4,4.272
CFjNxCZhn_8,147,,0,15,8,0,0,5,0.0,1,0.688,0.739,0.677,0.798,1.0,0.295,0.314,0.698,0,0,0,0.0056,none,,,,,,,,0,2,4.22
5-jBTNp5IQA,133,,0,14,8,3,0,2,0.0,1,0.681,0.726,0.829,0.72,0.167,0.209,0.542,0.794,0,0,0,0.0035,none,,,,,,,,0,2,4.062
Fz16t9SrF3U,61,,0,7,7,0,2,6,0.0,1,0.836,0.719,0.446,0.85,0.751,0.016,0.0,0.466,0,0,1,0.0008,none,,,,,,,,0,3,4.01
e8uB0GZsVOQ,110,,0,2,2,1,1,0,0.627,0,0.535,0.385,0.742,0.817,1.0,0.627,0.935,0.607,1,0,0,0.3153,none,,,,,,,,0,1,3.817
mTP2kap9cIw,117,,0,2,2,1,1,0,0.578,0,0.753,0.522,0.493,0.618,1.0,0.578,0.979,0.582,1,0,0,0.1026,none,,,,,,,,0,1,3.817
mTP2kap9cIw,120,,0,2,2,1,1,0,0.575,0,0.783,0.573,0.494,0.619,1.0,0.575,0.939,0.58,1,0,0,0.0999,none,,,,,,,,0,1,3.817
mTP2kap9cIw,128,,0,2,2,1,1,0,0.574,0,0.667,0.509,0.497,0.627,1.0,0.574,0.952,0.556,1,0,0,0.1075,none,,,,,,,,0,1,3.817
mTP2kap9cIw,131,,0,2,2,1,1,0,0.588,0,0.685,0.535,0.49,0.614,1.0,0.588,0.968,0.583,1,0,0,0.1042,none,,,,,,,,0,1,3.817
Zp9aDp2YTBw,75,,0,2,2,0,0,1,0.348,0,0.753,0.641,0.874,0.959,1.0,0.509,0.673,0.317,0,0,0,0.0514,none,,,,,,,,0,1,1.817
